trial	choice	gain	loss	subjID
0	1	100	0	44725
1	2	100	0	44725
2	3	50	-75	44725
3	4	50	0	44725
4	1	100	0	44725
5	1	100	-300	44725
6	2	100	0	44725
7	3	50	-50	44725
8	4	50	0	44725
9	2	100	0	44725
10	2	100	0	44725
11	2	100	0	44725
12	2	100	0	44725
13	2	100	0	44725
14	2	100	0	44725
15	2	100	-1250	44725
16	2	100	0	44725
17	2	100	0	44725
18	2	100	0	44725
19	2	100	0	44725
20	2	100	0	44725
21	2	100	0	44725
22	2	100	0	44725
23	2	100	0	44725
24	2	100	0	44725
25	2	100	0	44725
26	2	100	-1250	44725
27	2	100	0	44725
28	2	100	0	44725
29	2	100	0	44725
30	2	100	0	44725
31	2	100	0	44725
32	2	100	0	44725
33	1	100	-150	44725
34	3	50	0	44725
35	1	100	0	44725
36	4	50	0	44725
37	3	50	-75	44725
38	3	50	0	44725
39	1	100	0	44725
40	4	50	0	44725
41	4	50	0	44725
42	4	50	-250	44725
43	3	50	-25	44725
44	3	50	-25	44725
45	3	50	0	44725
46	4	50	0	44725
47	1	100	0	44725
48	1	100	-250	44725
49	1	100	-200	44725
50	3	50	0	44725
51	3	50	0	44725
52	1	100	-350	44725
53	3	50	-50	44725
54	2	100	-1250	44725
55	3	50	-75	44725
56	3	50	0	44725
57	2	100	0	44725
58	2	100	0	44725
59	2	100	0	44725
60	2	100	0	44725
61	2	100	-1250	44725
62	1	100	0	44725
63	1	100	0	44725
64	1	100	-150	44725
65	1	100	-250	44725
66	1	100	-200	44725
67	1	100	0	44725
68	1	100	-350	44725
69	3	50	0	44725
70	3	50	-50	44725
71	4	50	0	44725
72	2	100	0	44725
73	2	100	0	44725
74	2	100	0	44725
75	2	100	0	44725
76	2	100	0	44725
77	3	50	-25	44725
78	3	50	-50	44725
79	3	50	0	44725
80	3	50	0	44725
81	3	50	0	44725
82	3	50	-50	44725
83	3	50	0	44725
84	3	50	-75	44725
85	3	50	-25	44725
86	3	50	0	44725
87	2	100	0	44725
88	2	100	0	44725
89	2	100	0	44725
90	2	100	0	44725
91	2	100	0	44725
92	2	100	0	44725
93	3	50	0	44725
94	3	50	0	44725
95	3	50	-75	44725
96	3	50	-25	44725
97	3	50	0	44725
98	2	100	0	44725
99	2	100	0	44725
0	5	50	-75	44725
1	5	50	-50	44725
2	5	50	0	44725
3	5	50	-75	44725
4	4	50	0	44725
5	4	50	0	44725
6	4	50	0	44725
7	4	50	-250	44725
8	3	50	-50	44725
9	3	50	-50	44725
10	3	50	0	44725
11	2	100	0	44725
12	2	100	0	44725
13	2	100	0	44725
14	2	100	-1250	44725
15	1	100	0	44725
16	1	100	-300	44725
17	1	100	0	44725
18	1	100	0	44725
19	1	100	0	44725
0	1	100	0	44734
1	3	50	-75	44734
2	2	100	0	44734
3	4	50	0	44734
4	3	50	-50	44734
5	1	100	0	44734
6	2	100	0	44734
7	3	50	0	44734
8	4	50	0	44734
9	1	100	-300	44734
10	3	50	-75	44734
11	2	100	0	44734
12	4	50	0	44734
13	3	50	0	44734
14	2	100	0	44734
15	1	100	-150	44734
16	4	50	0	44734
17	3	50	-25	44734
18	2	100	0	44734
19	1	100	0	44734
20	3	50	-25	44734
21	4	50	0	44734
22	2	100	0	44734
23	1	100	0	44734
24	3	50	0	44734
25	4	50	-250	44734
26	3	50	0	44734
27	2	100	0	44734
28	1	100	0	44734
29	3	50	0	44734
30	2	100	0	44734
31	4	50	0	44734
32	1	100	-250	44734
33	3	50	-50	44734
34	2	100	-1250	44734
35	4	50	0	44734
36	3	50	-75	44734
37	2	100	0	44734
38	1	100	-200	44734
39	3	50	0	44734
40	3	50	0	44734
41	3	50	-50	44734
42	2	100	0	44734
43	2	100	0	44734
44	2	100	0	44734
45	2	100	0	44734
46	2	100	0	44734
47	2	100	0	44734
48	2	100	0	44734
49	2	100	0	44734
50	2	100	0	44734
51	2	100	-1250	44734
52	2	100	0	44734
53	2	100	0	44734
54	2	100	0	44734
55	2	100	0	44734
56	2	100	0	44734
57	1	100	-350	44734
58	1	100	0	44734
59	1	100	0	44734
60	3	50	-25	44734
61	3	50	-50	44734
62	3	50	0	44734
63	4	50	0	44734
64	4	50	0	44734
65	4	50	0	44734
66	4	50	-250	44734
67	3	50	0	44734
68	3	50	0	44734
69	1	100	-150	44734
70	3	50	-50	44734
71	4	50	0	44734
72	2	100	0	44734
73	2	100	-1250	44734
74	2	100	0	44734
75	2	100	0	44734
76	2	100	0	44734
77	2	100	0	44734
78	3	50	0	44734
79	4	50	0	44734
80	1	100	-250	44734
81	3	50	-75	44734
82	1	100	-200	44734
83	4	50	0	44734
84	3	50	-25	44734
85	4	50	0	44734
86	4	50	0	44734
87	4	50	0	44734
88	3	50	0	44734
89	1	100	0	44734
90	1	100	-350	44734
91	3	50	0	44734
92	1	100	0	44734
93	1	100	-300	44734
94	1	100	0	44734
95	1	100	0	44734
96	1	100	0	44734
97	1	100	-150	44734
98	3	50	0	44734
99	3	50	-75	44734
0	5	50	-75	44734
1	4	50	0	44734
2	5	50	-50	44734
3	2	100	-1250	44734
4	2	100	0	44734
5	2	100	0	44734
6	2	100	0	44734
7	2	100	0	44734
8	2	100	0	44734
9	3	50	-25	44734
10	3	50	0	44734
11	3	50	-50	44734
12	4	50	0	44734
13	4	50	-250	44734
14	4	50	0	44734
15	4	50	0	44734
16	4	50	0	44734
17	4	50	0	44734
18	1	100	-300	44734
19	1	100	0	44734
0	3	50	-75	44744
1	4	50	0	44744
2	4	50	0	44744
3	4	50	0	44744
4	4	50	0	44744
5	4	50	0	44744
6	4	50	-250	44744
7	4	50	0	44744
8	4	50	0	44744
9	4	50	0	44744
10	2	100	0	44744
11	2	100	0	44744
12	2	100	0	44744
13	2	100	0	44744
14	2	100	0	44744
15	2	100	0	44744
16	2	100	0	44744
17	2	100	0	44744
18	1	100	0	44744
19	1	100	0	44744
20	1	100	-300	44744
21	2	100	-1250	44744
22	1	100	-150	44744
23	3	50	-50	44744
24	2	100	0	44744
25	2	100	0	44744
26	2	100	0	44744
27	2	100	0	44744
28	2	100	0	44744
29	2	100	0	44744
30	2	100	0	44744
31	2	100	0	44744
32	2	100	0	44744
33	2	100	0	44744
34	2	100	-1250	44744
35	4	50	0	44744
36	4	50	0	44744
37	4	50	-250	44744
38	2	100	0	44744
39	2	100	0	44744
40	2	100	0	44744
41	1	100	0	44744
42	1	100	0	44744
43	2	100	0	44744
44	2	100	0	44744
45	1	100	0	44744
46	1	100	-250	44744
47	2	100	0	44744
48	3	50	0	44744
49	3	50	-75	44744
50	4	50	0	44744
51	4	50	0	44744
52	4	50	0	44744
53	4	50	0	44744
54	2	100	-1250	44744
55	4	50	0	44744
56	1	100	-200	44744
57	1	100	-350	44744
58	2	100	0	44744
59	2	100	0	44744
60	2	100	0	44744
61	2	100	0	44744
62	2	100	-1250	44744
63	3	50	0	44744
64	3	50	-25	44744
65	4	50	0	44744
66	4	50	0	44744
67	4	50	0	44744
68	4	50	-250	44744
69	2	100	0	44744
70	2	100	0	44744
71	2	100	0	44744
72	2	100	0	44744
73	2	100	0	44744
74	2	100	0	44744
75	2	100	0	44744
76	2	100	0	44744
77	1	100	0	44744
78	1	100	0	44744
79	1	100	-150	44744
80	2	100	0	44744
81	2	100	0	44744
82	2	100	0	44744
83	2	100	0	44744
84	2	100	0	44744
85	2	100	0	44744
86	2	100	0	44744
87	2	100	0	44744
88	3	50	-25	44744
89	2	100	-1250	44744
90	2	100	0	44744
91	2	100	0	44744
92	2	100	0	44744
93	2	100	0	44744
94	2	100	0	44744
95	2	100	0	44744
96	2	100	0	44744
97	2	100	0	44744
98	2	100	0	44744
99	2	100	0	44744
0	2	100	-1250	44744
1	3	50	0	44744
2	3	50	0	44744
3	4	50	0	44744
4	4	50	0	44744
5	1	100	-250	44744
6	1	100	-200	44744
7	2	100	0	44744
8	2	100	0	44744
9	2	100	0	44744
10	2	100	0	44744
11	5	50	-75	44744
12	5	50	-50	44744
13	5	50	0	44744
14	5	50	-75	44744
15	4	50	0	44744
16	4	50	0	44744
17	3	50	0	44744
18	3	50	-50	44744
19	2	100	0	44744
0	3	50	-75	44751
1	4	50	0	44751
2	4	50	0	44751
3	4	50	0	44751
4	4	50	0	44751
5	4	50	0	44751
6	2	100	0	44751
7	1	100	0	44751
8	2	100	0	44751
9	2	100	0	44751
10	2	100	0	44751
11	1	100	0	44751
12	2	100	0	44751
13	1	100	-300	44751
14	4	50	-250	44751
15	3	50	-50	44751
16	2	100	0	44751
17	1	100	-150	44751
18	2	100	0	44751
19	2	100	0	44751
20	2	100	-1250	44751
21	1	100	0	44751
22	3	50	0	44751
23	4	50	0	44751
24	1	100	0	44751
25	1	100	0	44751
26	2	100	0	44751
27	3	50	-75	44751
28	1	100	-250	44751
29	2	100	0	44751
30	4	50	0	44751
31	2	100	0	44751
32	2	100	0	44751
33	4	50	0	44751
34	1	100	-200	44751
35	2	100	0	44751
36	3	50	0	44751
37	3	50	-25	44751
38	3	50	-25	44751
39	4	50	0	44751
40	2	100	0	44751
41	1	100	-350	44751
42	2	100	0	44751
43	2	100	0	44751
44	2	100	0	44751
45	4	50	0	44751
46	4	50	-250	44751
47	3	50	0	44751
48	3	50	0	44751
49	3	50	0	44751
50	3	50	-50	44751
51	1	100	0	44751
52	2	100	0	44751
53	2	100	-1250	44751
54	1	100	0	44751
55	2	100	0	44751
56	2	100	0	44751
57	1	100	-150	44751
58	3	50	-75	44751
59	4	50	0	44751
60	4	50	0	44751
61	2	100	0	44751
62	3	50	0	44751
63	1	100	-250	44751
64	2	100	0	44751
65	3	50	0	44751
66	4	50	0	44751
67	2	100	0	44751
68	1	100	-200	44751
69	3	50	-50	44751
70	2	100	0	44751
71	4	50	0	44751
72	2	100	-1250	44751
73	3	50	-25	44751
74	2	100	0	44751
75	2	100	0	44751
76	2	100	0	44751
77	2	100	0	44751
78	2	100	-1250	44751
79	3	50	-50	44751
80	1	100	0	44751
81	1	100	-350	44751
82	2	100	0	44751
83	2	100	0	44751
84	4	50	0	44751
85	3	50	0	44751
86	2	100	0	44751
87	1	100	0	44751
88	2	100	0	44751
89	3	50	0	44751
90	1	100	-300	44751
91	3	50	0	44751
92	4	50	0	44751
93	3	50	-50	44751
94	3	50	0	44751
95	3	50	-75	44751
96	3	50	-25	44751
97	3	50	0	44751
98	3	50	0	44751
99	3	50	0	44751
0	1	100	0	44751
1	2	100	0	44751
2	3	50	-75	44751
3	4	50	0	44751
4	5	50	-75	44751
5	1	100	0	44751
6	2	100	0	44751
7	2	100	0	44751
8	2	100	0	44751
9	2	100	0	44751
10	3	50	-25	44751
11	3	50	0	44751
12	3	50	-50	44751
13	3	50	-50	44751
14	3	50	0	44751
15	3	50	-50	44751
16	3	50	0	44751
17	3	50	-50	44751
18	3	50	0	44751
19	3	50	-50	44751
0	2	100	0	44761
1	4	50	0	44761
2	1	100	0	44761
3	3	50	-75	44761
4	4	50	0	44761
5	1	100	0	44761
6	2	100	0	44761
7	3	50	-50	44761
8	4	50	0	44761
9	4	50	0	44761
10	4	50	0	44761
11	4	50	-250	44761
12	2	100	0	44761
13	2	100	0	44761
14	3	50	0	44761
15	3	50	-75	44761
16	1	100	-300	44761
17	2	100	0	44761
18	2	100	0	44761
19	4	50	0	44761
20	4	50	0	44761
21	1	100	-150	44761
22	3	50	0	44761
23	4	50	0	44761
24	2	100	0	44761
25	3	50	-25	44761
26	4	50	0	44761
27	2	100	0	44761
28	4	50	0	44761
29	3	50	-25	44761
30	4	50	-250	44761
31	1	100	0	44761
32	3	50	0	44761
33	4	50	0	44761
34	4	50	0	44761
35	3	50	0	44761
36	2	100	-1250	44761
37	3	50	0	44761
38	4	50	0	44761
39	3	50	-50	44761
40	2	100	0	44761
41	1	100	0	44761
42	2	100	0	44761
43	3	50	-75	44761
44	2	100	0	44761
45	2	100	0	44761
46	1	100	0	44761
47	1	100	-250	44761
48	2	100	0	44761
49	4	50	0	44761
50	4	50	0	44761
51	4	50	0	44761
52	4	50	0	44761
53	4	50	0	44761
54	4	50	-250	44761
55	3	50	0	44761
56	3	50	0	44761
57	3	50	-50	44761
58	2	100	0	44761
59	2	100	0	44761
60	3	50	-25	44761
61	2	100	0	44761
62	3	50	-50	44761
63	2	100	0	44761
64	1	100	-200	44761
65	1	100	-350	44761
66	1	100	0	44761
67	2	100	0	44761
68	2	100	-1250	44761
69	3	50	0	44761
70	3	50	0	44761
71	2	100	0	44761
72	3	50	0	44761
73	3	50	-50	44761
74	3	50	0	44761
75	3	50	-75	44761
76	3	50	-25	44761
77	3	50	0	44761
78	3	50	0	44761
79	3	50	0	44761
80	4	50	0	44761
81	4	50	0	44761
82	4	50	0	44761
83	4	50	0	44761
84	4	50	0	44761
85	4	50	0	44761
86	4	50	0	44761
87	4	50	0	44761
88	4	50	0	44761
89	4	50	-250	44761
90	3	50	-75	44761
91	2	100	0	44761
92	2	100	0	44761
93	2	100	0	44761
94	2	100	0	44761
95	2	100	0	44761
96	2	100	-1250	44761
97	2	100	0	44761
98	3	50	-25	44761
99	3	50	0	44761
0	5	50	-75	44761
1	4	50	0	44761
2	4	50	0	44761
3	4	50	0	44761
4	4	50	0	44761
5	4	50	0	44761
6	3	50	-50	44761
7	2	100	0	44761
8	2	100	0	44761
9	2	100	0	44761
10	2	100	-1250	44761
11	5	50	-50	44761
12	5	50	0	44761
13	5	50	-75	44761
14	5	50	0	44761
15	5	50	-25	44761
16	4	50	0	44761
17	3	50	-50	44761
18	2	100	0	44761
19	1	100	0	44761
0	2	100	0	44768
1	3	50	-75	44768
2	2	100	0	44768
3	4	50	0	44768
4	2	100	0	44768
5	1	100	0	44768
6	2	100	0	44768
7	3	50	-50	44768
8	2	100	0	44768
9	4	50	0	44768
10	2	100	0	44768
11	1	100	0	44768
12	2	100	0	44768
13	3	50	0	44768
14	2	100	0	44768
15	4	50	0	44768
16	2	100	-1250	44768
17	1	100	-300	44768
18	4	50	0	44768
19	3	50	-75	44768
20	4	50	0	44768
21	2	100	0	44768
22	2	100	0	44768
23	2	100	0	44768
24	2	100	0	44768
25	3	50	0	44768
26	1	100	-150	44768
27	4	50	-250	44768
28	3	50	-25	44768
29	2	100	0	44768
30	1	100	0	44768
31	4	50	0	44768
32	2	100	0	44768
33	3	50	-25	44768
34	4	50	0	44768
35	2	100	0	44768
36	1	100	0	44768
37	1	100	0	44768
38	4	50	0	44768
39	3	50	0	44768
40	1	100	-250	44768
41	2	100	0	44768
42	3	50	0	44768
43	4	50	0	44768
44	3	50	0	44768
45	4	50	0	44768
46	1	100	-200	44768
47	2	100	0	44768
48	2	100	0	44768
49	3	50	-50	44768
50	4	50	-250	44768
51	2	100	-1250	44768
52	3	50	-75	44768
53	4	50	0	44768
54	1	100	-350	44768
55	4	50	0	44768
56	4	50	0	44768
57	4	50	0	44768
58	3	50	0	44768
59	3	50	0	44768
60	3	50	-50	44768
61	4	50	0	44768
62	3	50	-25	44768
63	2	100	0	44768
64	2	100	0	44768
65	2	100	0	44768
66	2	100	0	44768
67	2	100	0	44768
68	2	100	0	44768
69	2	100	-1250	44768
70	2	100	0	44768
71	2	100	0	44768
72	2	100	0	44768
73	2	100	0	44768
74	2	100	-1250	44768
75	3	50	-50	44768
76	4	50	0	44768
77	4	50	0	44768
78	4	50	0	44768
79	4	50	-250	44768
80	1	100	0	44768
81	1	100	0	44768
82	3	50	0	44768
83	2	100	0	44768
84	4	50	0	44768
85	1	100	-150	44768
86	2	100	0	44768
87	3	50	0	44768
88	2	100	0	44768
89	3	50	0	44768
90	2	100	0	44768
91	4	50	0	44768
92	2	100	0	44768
93	3	50	-50	44768
94	1	100	-250	44768
95	2	100	0	44768
96	4	50	0	44768
97	3	50	0	44768
98	3	50	-75	44768
99	4	50	0	44768
0	2	100	0	44768
1	5	50	-75	44768
2	5	50	-50	44768
3	5	50	0	44768
4	4	50	0	44768
5	3	50	-25	44768
6	2	100	0	44768
7	1	100	-200	44768
8	5	50	-75	44768
9	4	50	0	44768
10	3	50	0	44768
11	2	100	0	44768
12	3	50	0	44768
13	4	50	0	44768
14	2	100	0	44768
15	4	50	0	44768
16	3	50	0	44768
17	2	100	0	44768
18	4	50	0	44768
19	5	50	0	44768
0	3	50	-75	44771
1	3	50	-50	44771
2	3	50	0	44771
3	3	50	-75	44771
4	3	50	0	44771
5	3	50	-25	44771
6	3	50	-25	44771
7	3	50	0	44771
8	3	50	0	44771
9	3	50	0	44771
10	3	50	-50	44771
11	3	50	-75	44771
12	3	50	0	44771
13	3	50	0	44771
14	3	50	-50	44771
15	3	50	-25	44771
16	3	50	-50	44771
17	3	50	0	44771
18	3	50	0	44771
19	3	50	0	44771
20	3	50	-50	44771
21	3	50	0	44771
22	3	50	-75	44771
23	3	50	-25	44771
24	3	50	0	44771
25	3	50	0	44771
26	3	50	0	44771
27	3	50	-75	44771
28	3	50	-25	44771
29	3	50	0	44771
30	3	50	-50	44771
31	3	50	-50	44771
32	3	50	0	44771
33	3	50	-50	44771
34	2	100	0	44771
35	1	100	0	44771
36	4	50	0	44771
37	1	100	0	44771
38	2	100	0	44771
39	3	50	0	44771
40	4	50	0	44771
41	1	100	-300	44771
42	2	100	0	44771
43	3	50	-50	44771
44	4	50	0	44771
45	1	100	-150	44771
46	2	100	0	44771
47	3	50	0	44771
48	4	50	0	44771
49	1	100	0	44771
50	2	100	0	44771
51	3	50	-50	44771
52	4	50	0	44771
53	1	100	0	44771
54	2	100	0	44771
55	3	50	0	44771
56	4	50	-250	44771
57	1	100	0	44771
58	2	100	0	44771
59	3	50	0	44771
60	4	50	0	44771
61	1	100	-250	44771
62	2	100	0	44771
63	3	50	-75	44771
64	4	50	0	44771
65	1	100	-200	44771
66	2	100	-1250	44771
67	3	50	-50	44771
68	4	50	0	44771
69	1	100	-350	44771
70	2	100	0	44771
71	3	50	0	44771
72	4	50	0	44771
73	1	100	0	44771
74	2	100	0	44771
75	3	50	-75	44771
76	4	50	0	44771
77	1	100	0	44771
78	2	100	0	44771
79	3	50	0	44771
80	4	50	-250	44771
81	1	100	-150	44771
82	2	100	0	44771
83	3	50	-25	44771
84	4	50	0	44771
85	1	100	-250	44771
86	2	100	0	44771
87	3	50	-25	44771
88	4	50	0	44771
89	4	50	0	44771
90	3	50	0	44771
91	2	100	0	44771
92	1	100	-200	44771
93	1	100	0	44771
94	2	100	0	44771
95	3	50	0	44771
96	4	50	0	44771
97	4	50	0	44771
98	3	50	0	44771
99	2	100	0	44771
0	5	50	-75	44771
1	5	50	-50	44771
2	5	50	0	44771
3	5	50	-75	44771
4	3	50	-50	44771
5	2	100	0	44771
6	5	50	0	44771
7	4	50	0	44771
8	1	100	-350	44771
9	1	100	0	44771
10	1	100	-300	44771
11	1	100	0	44771
12	2	100	0	44771
13	3	50	-75	44771
14	4	50	0	44771
15	5	50	-25	44771
16	5	50	-25	44771
17	4	50	0	44771
18	3	50	0	44771
19	2	100	-1250	44771
0	2	100	0	44776
1	4	50	0	44776
2	4	50	0	44776
3	2	100	0	44776
4	1	100	0	44776
5	2	100	0	44776
6	2	100	0	44776
7	3	50	-75	44776
8	2	100	0	44776
9	2	100	0	44776
10	4	50	0	44776
11	2	100	0	44776
12	1	100	0	44776
13	2	100	0	44776
14	2	100	-1250	44776
15	1	100	-300	44776
16	3	50	-50	44776
17	4	50	0	44776
18	4	50	0	44776
19	4	50	-250	44776
20	2	100	0	44776
21	3	50	0	44776
22	2	100	0	44776
23	3	50	-75	44776
24	2	100	0	44776
25	1	100	-150	44776
26	2	100	0	44776
27	4	50	0	44776
28	4	50	0	44776
29	4	50	0	44776
30	2	100	0	44776
31	4	50	0	44776
32	4	50	0	44776
33	4	50	-250	44776
34	2	100	0	44776
35	2	100	0	44776
36	4	50	0	44776
37	2	100	0	44776
38	4	50	0	44776
39	2	100	0	44776
40	4	50	0	44776
41	1	100	0	44776
42	2	100	0	44776
43	4	50	0	44776
44	1	100	0	44776
45	2	100	-1250	44776
46	4	50	0	44776
47	4	50	0	44776
48	1	100	0	44776
49	3	50	0	44776
50	4	50	0	44776
51	3	50	-25	44776
52	4	50	0	44776
53	1	100	-250	44776
54	2	100	0	44776
55	4	50	-250	44776
56	2	100	0	44776
57	2	100	0	44776
58	2	100	0	44776
59	3	50	-25	44776
60	2	100	0	44776
61	4	50	0	44776
62	3	50	0	44776
63	2	100	0	44776
64	2	100	-1250	44776
65	1	100	-200	44776
66	2	100	0	44776
67	3	50	0	44776
68	4	50	0	44776
69	2	100	0	44776
70	4	50	0	44776
71	2	100	0	44776
72	4	50	0	44776
73	3	50	0	44776
74	2	100	0	44776
75	1	100	-350	44776
76	2	100	-1250	44776
77	4	50	0	44776
78	4	50	0	44776
79	4	50	0	44776
80	4	50	0	44776
81	3	50	-50	44776
82	2	100	0	44776
83	4	50	0	44776
84	2	100	0	44776
85	2	100	0	44776
86	2	100	0	44776
87	2	100	0	44776
88	4	50	-250	44776
89	2	100	0	44776
90	2	100	0	44776
91	2	100	0	44776
92	2	100	0	44776
93	4	50	0	44776
94	2	100	0	44776
95	2	100	0	44776
96	2	100	0	44776
97	4	50	0	44776
98	2	100	0	44776
99	2	100	0	44776
0	5	50	-75	44776
1	2	100	0	44776
2	4	50	0	44776
3	5	50	-50	44776
4	4	50	0	44776
5	3	50	-75	44776
6	2	100	0	44776
7	1	100	0	44776
8	2	100	-1250	44776
9	5	50	0	44776
10	5	50	-75	44776
11	4	50	0	44776
12	4	50	0	44776
13	4	50	0	44776
14	4	50	0	44776
15	2	100	0	44776
16	4	50	0	44776
17	2	100	0	44776
18	2	100	0	44776
19	1	100	0	44776
0	3	50	-75	44777
1	4	50	0	44777
2	2	100	0	44777
3	1	100	0	44777
4	3	50	-50	44777
5	2	100	0	44777
6	1	100	0	44777
7	4	50	0	44777
8	1	100	-300	44777
9	3	50	0	44777
10	2	100	0	44777
11	4	50	0	44777
12	4	50	0	44777
13	3	50	-75	44777
14	2	100	0	44777
15	4	50	0	44777
16	2	100	0	44777
17	4	50	-250	44777
18	2	100	0	44777
19	2	100	0	44777
20	2	100	0	44777
21	2	100	-1250	44777
22	3	50	0	44777
23	1	100	-150	44777
24	3	50	-25	44777
25	4	50	0	44777
26	4	50	0	44777
27	2	100	0	44777
28	2	100	0	44777
29	4	50	0	44777
30	3	50	-25	44777
31	1	100	0	44777
32	2	100	0	44777
33	4	50	0	44777
34	2	100	0	44777
35	4	50	0	44777
36	1	100	0	44777
37	4	50	-250	44777
38	2	100	0	44777
39	1	100	0	44777
40	2	100	0	44777
41	1	100	-250	44777
42	2	100	0	44777
43	4	50	0	44777
44	3	50	0	44777
45	4	50	0	44777
46	2	100	0	44777
47	4	50	0	44777
48	2	100	0	44777
49	3	50	0	44777
50	4	50	0	44777
51	2	100	0	44777
52	4	50	0	44777
53	2	100	-1250	44777
54	3	50	0	44777
55	4	50	0	44777
56	3	50	-50	44777
57	4	50	0	44777
58	1	100	-200	44777
59	4	50	0	44777
60	4	50	-250	44777
61	2	100	0	44777
62	2	100	0	44777
63	2	100	0	44777
64	2	100	0	44777
65	3	50	-75	44777
66	1	100	-350	44777
67	2	100	0	44777
68	2	100	0	44777
69	2	100	-1250	44777
70	4	50	0	44777
71	4	50	0	44777
72	4	50	0	44777
73	3	50	0	44777
74	1	100	0	44777
75	1	100	0	44777
76	4	50	0	44777
77	3	50	0	44777
78	4	50	0	44777
79	1	100	-150	44777
80	4	50	0	44777
81	2	100	0	44777
82	3	50	-50	44777
83	4	50	0	44777
84	4	50	0	44777
85	2	100	0	44777
86	3	50	-25	44777
87	2	100	0	44777
88	4	50	0	44777
89	2	100	0	44777
90	4	50	-250	44777
91	2	100	-1250	44777
92	3	50	-50	44777
93	1	100	-250	44777
94	3	50	0	44777
95	3	50	0	44777
96	3	50	0	44777
97	2	100	0	44777
98	4	50	0	44777
99	2	100	0	44777
0	5	50	-75	44777
1	3	50	-50	44777
2	2	100	0	44777
3	2	100	0	44777
4	4	50	0	44777
5	1	100	-200	44777
6	2	100	0	44777
7	4	50	0	44777
8	4	50	0	44777
9	2	100	0	44777
10	2	100	0	44777
11	4	50	0	44777
12	2	100	0	44777
13	4	50	0	44777
14	2	100	0	44777
15	2	100	0	44777
16	4	50	0	44777
17	2	100	0	44777
18	4	50	0	44777
19	2	100	0	44777
0	2	100	0	44779
1	2	100	0	44779
2	2	100	0	44779
3	2	100	0	44779
4	2	100	0	44779
5	2	100	0	44779
6	2	100	0	44779
7	2	100	0	44779
8	2	100	-1250	44779
9	3	50	-75	44779
10	4	50	0	44779
11	4	50	0	44779
12	4	50	0	44779
13	4	50	0	44779
14	4	50	0	44779
15	4	50	-250	44779
16	1	100	0	44779
17	1	100	0	44779
18	1	100	-300	44779
19	2	100	0	44779
20	2	100	0	44779
21	2	100	0	44779
22	2	100	0	44779
23	2	100	0	44779
24	1	100	-150	44779
25	2	100	0	44779
26	2	100	0	44779
27	2	100	0	44779
28	2	100	0	44779
29	2	100	0	44779
30	2	100	-1250	44779
31	2	100	0	44779
32	2	100	0	44779
33	2	100	0	44779
34	3	50	-50	44779
35	3	50	0	44779
36	4	50	0	44779
37	4	50	0	44779
38	4	50	0	44779
39	4	50	0	44779
40	4	50	0	44779
41	4	50	-250	44779
42	2	100	0	44779
43	2	100	0	44779
44	2	100	0	44779
45	1	100	0	44779
46	1	100	0	44779
47	1	100	0	44779
48	2	100	-1250	44779
49	1	100	-250	44779
50	2	100	0	44779
51	2	100	0	44779
52	2	100	0	44779
53	2	100	0	44779
54	2	100	-1250	44779
55	3	50	-75	44779
56	2	100	0	44779
57	2	100	0	44779
58	2	100	0	44779
59	2	100	0	44779
60	2	100	0	44779
61	2	100	0	44779
62	2	100	0	44779
63	2	100	0	44779
64	2	100	0	44779
65	2	100	0	44779
66	2	100	0	44779
67	2	100	0	44779
68	2	100	0	44779
69	2	100	0	44779
70	2	100	0	44779
71	2	100	0	44779
72	2	100	-1250	44779
73	1	100	-200	44779
74	2	100	0	44779
75	2	100	0	44779
76	2	100	0	44779
77	2	100	0	44779
78	2	100	0	44779
79	2	100	0	44779
80	4	50	0	44779
81	4	50	0	44779
82	2	100	0	44779
83	2	100	0	44779
84	2	100	0	44779
85	2	100	0	44779
86	2	100	-1250	44779
87	4	50	0	44779
88	4	50	0	44779
89	4	50	0	44779
90	4	50	0	44779
91	4	50	0	44779
92	4	50	0	44779
93	4	50	-250	44779
94	4	50	0	44779
95	4	50	0	44779
96	4	50	0	44779
97	4	50	0	44779
98	4	50	0	44779
99	4	50	0	44779
0	5	50	-75	44779
1	4	50	0	44779
2	4	50	0	44779
3	4	50	0	44779
4	2	100	0	44779
5	2	100	0	44779
6	2	100	0	44779
7	2	100	0	44779
8	1	100	-350	44779
9	4	50	-250	44779
10	4	50	0	44779
11	4	50	0	44779
12	4	50	0	44779
13	4	50	0	44779
14	4	50	0	44779
15	5	50	-50	44779
16	4	50	0	44779
17	4	50	0	44779
18	4	50	0	44779
19	4	50	0	44779
0	2	100	0	44788
1	4	50	0	44788
2	3	50	-75	44788
3	1	100	0	44788
4	2	100	0	44788
5	1	100	0	44788
6	3	50	-50	44788
7	1	100	-300	44788
8	2	100	0	44788
9	2	100	0	44788
10	2	100	0	44788
11	2	100	0	44788
12	2	100	0	44788
13	2	100	0	44788
14	2	100	-1250	44788
15	4	50	0	44788
16	3	50	0	44788
17	2	100	0	44788
18	1	100	-150	44788
19	4	50	0	44788
20	4	50	0	44788
21	4	50	0	44788
22	4	50	-250	44788
23	4	50	0	44788
24	4	50	0	44788
25	2	100	0	44788
26	3	50	-75	44788
27	4	50	0	44788
28	4	50	0	44788
29	4	50	0	44788
30	4	50	-250	44788
31	4	50	0	44788
32	4	50	0	44788
33	4	50	0	44788
34	2	100	0	44788
35	2	100	0	44788
36	2	100	0	44788
37	2	100	0	44788
38	2	100	0	44788
39	1	100	0	44788
40	1	100	0	44788
41	1	100	0	44788
42	1	100	-250	44788
43	3	50	0	44788
44	4	50	0	44788
45	4	50	0	44788
46	4	50	0	44788
47	4	50	0	44788
48	2	100	0	44788
49	2	100	0	44788
50	2	100	0	44788
51	2	100	-1250	44788
52	2	100	0	44788
53	2	100	0	44788
54	2	100	0	44788
55	2	100	0	44788
56	2	100	0	44788
57	2	100	0	44788
58	2	100	-1250	44788
59	2	100	0	44788
60	2	100	0	44788
61	2	100	0	44788
62	2	100	0	44788
63	2	100	-1250	44788
64	2	100	0	44788
65	2	100	0	44788
66	2	100	0	44788
67	2	100	0	44788
68	2	100	0	44788
69	2	100	0	44788
70	2	100	0	44788
71	2	100	0	44788
72	2	100	0	44788
73	2	100	0	44788
74	2	100	0	44788
75	2	100	0	44788
76	2	100	0	44788
77	2	100	0	44788
78	2	100	0	44788
79	2	100	0	44788
80	2	100	-1250	44788
81	3	50	-25	44788
82	3	50	-25	44788
83	3	50	0	44788
84	3	50	0	44788
85	3	50	0	44788
86	3	50	-50	44788
87	3	50	-75	44788
88	4	50	0	44788
89	4	50	-250	44788
90	2	100	0	44788
91	2	100	0	44788
92	2	100	0	44788
93	2	100	0	44788
94	2	100	0	44788
95	2	100	0	44788
96	2	100	0	44788
97	2	100	0	44788
98	2	100	0	44788
99	2	100	0	44788
0	2	100	-1250	44788
1	2	100	0	44788
2	3	50	0	44788
3	5	50	-75	44788
4	5	50	-50	44788
5	5	50	0	44788
6	5	50	-75	44788
7	5	50	0	44788
8	4	50	0	44788
9	3	50	0	44788
10	2	100	0	44788
11	1	100	-200	44788
12	1	100	-350	44788
13	1	100	0	44788
14	1	100	0	44788
15	2	100	0	44788
16	2	100	0	44788
17	2	100	0	44788
18	2	100	0	44788
19	2	100	-1250	44788
0	2	100	0	44790
1	4	50	0	44790
2	3	50	-75	44790
3	2	100	0	44790
4	1	100	0	44790
5	2	100	0	44790
6	1	100	0	44790
7	2	100	0	44790
8	2	100	0	44790
9	2	100	0	44790
10	4	50	0	44790
11	2	100	0	44790
12	2	100	0	44790
13	2	100	-1250	44790
14	1	100	-300	44790
15	3	50	-50	44790
16	3	50	0	44790
17	4	50	0	44790
18	3	50	-75	44790
19	2	100	0	44790
20	1	100	-150	44790
21	2	100	0	44790
22	4	50	0	44790
23	2	100	0	44790
24	4	50	0	44790
25	3	50	0	44790
26	2	100	0	44790
27	3	50	-25	44790
28	2	100	0	44790
29	4	50	-250	44790
30	3	50	-25	44790
31	2	100	0	44790
32	2	100	0	44790
33	1	100	0	44790
34	2	100	0	44790
35	1	100	0	44790
36	2	100	0	44790
37	1	100	0	44790
38	2	100	0	44790
39	1	100	-250	44790
40	2	100	-1250	44790
41	4	50	0	44790
42	3	50	0	44790
43	4	50	0	44790
44	2	100	0	44790
45	2	100	0	44790
46	2	100	0	44790
47	2	100	0	44790
48	2	100	0	44790
49	2	100	0	44790
50	2	100	-1250	44790
51	4	50	0	44790
52	4	50	0	44790
53	3	50	0	44790
54	3	50	0	44790
55	2	100	0	44790
56	2	100	0	44790
57	2	100	0	44790
58	2	100	0	44790
59	2	100	-1250	44790
60	4	50	0	44790
61	3	50	-50	44790
62	1	100	-200	44790
63	2	100	0	44790
64	2	100	0	44790
65	2	100	0	44790
66	4	50	-250	44790
67	3	50	-75	44790
68	2	100	0	44790
69	2	100	0	44790
70	4	50	0	44790
71	1	100	-350	44790
72	2	100	0	44790
73	2	100	0	44790
74	4	50	0	44790
75	3	50	0	44790
76	3	50	0	44790
77	2	100	0	44790
78	2	100	0	44790
79	4	50	0	44790
80	1	100	0	44790
81	3	50	-50	44790
82	4	50	0	44790
83	2	100	0	44790
84	2	100	0	44790
85	2	100	0	44790
86	1	100	0	44790
87	3	50	-25	44790
88	4	50	0	44790
89	2	100	0	44790
90	2	100	0	44790
91	2	100	0	44790
92	1	100	-150	44790
93	2	100	0	44790
94	3	50	-50	44790
95	4	50	0	44790
96	2	100	-1250	44790
97	3	50	0	44790
98	4	50	0	44790
99	1	100	-250	44790
0	2	100	0	44790
1	5	50	-75	44790
2	4	50	0	44790
3	3	50	0	44790
4	2	100	0	44790
5	1	100	-200	44790
6	2	100	0	44790
7	2	100	0	44790
8	5	50	-50	44790
9	5	50	0	44790
10	5	50	-75	44790
11	4	50	-250	44790
12	3	50	0	44790
13	2	100	0	44790
14	2	100	0	44790
15	1	100	0	44790
16	2	100	0	44790
17	1	100	-350	44790
18	2	100	0	44790
19	3	50	-50	44790
0	2	100	0	44794
1	4	50	0	44794
2	2	100	0	44794
3	4	50	0	44794
4	4	50	0	44794
5	2	100	0	44794
6	2	100	0	44794
7	2	100	0	44794
8	1	100	0	44794
9	3	50	-75	44794
10	2	100	0	44794
11	2	100	0	44794
12	2	100	0	44794
13	4	50	0	44794
14	1	100	0	44794
15	2	100	-1250	44794
16	1	100	-300	44794
17	3	50	-50	44794
18	4	50	0	44794
19	2	100	0	44794
20	1	100	-150	44794
21	2	100	0	44794
22	4	50	-250	44794
23	3	50	0	44794
24	2	100	0	44794
25	2	100	0	44794
26	2	100	0	44794
27	2	100	0	44794
28	3	50	-75	44794
29	2	100	0	44794
30	1	100	0	44794
31	4	50	0	44794
32	2	100	0	44794
33	1	100	0	44794
34	2	100	0	44794
35	3	50	0	44794
36	4	50	0	44794
37	1	100	0	44794
38	2	100	0	44794
39	2	100	-1250	44794
40	3	50	-25	44794
41	4	50	0	44794
42	1	100	-250	44794
43	4	50	0	44794
44	4	50	0	44794
45	2	100	0	44794
46	3	50	-25	44794
47	2	100	0	44794
48	1	100	-200	44794
49	1	100	-350	44794
50	2	100	0	44794
51	4	50	-250	44794
52	3	50	0	44794
53	2	100	0	44794
54	2	100	0	44794
55	1	100	0	44794
56	2	100	0	44794
57	3	50	0	44794
58	4	50	0	44794
59	1	100	0	44794
60	1	100	-150	44794
61	2	100	-1250	44794
62	2	100	0	44794
63	2	100	0	44794
64	2	100	0	44794
65	2	100	0	44794
66	2	100	-1250	44794
67	3	50	0	44794
68	3	50	-50	44794
69	3	50	-75	44794
70	3	50	0	44794
71	3	50	0	44794
72	3	50	-50	44794
73	2	100	0	44794
74	1	100	-250	44794
75	2	100	0	44794
76	1	100	-200	44794
77	2	100	0	44794
78	1	100	0	44794
79	2	100	0	44794
80	1	100	-350	44794
81	4	50	0	44794
82	2	100	0	44794
83	4	50	0	44794
84	2	100	0	44794
85	4	50	0	44794
86	2	100	0	44794
87	1	100	0	44794
88	3	50	-25	44794
89	4	50	0	44794
90	2	100	0	44794
91	1	100	-300	44794
92	2	100	0	44794
93	4	50	0	44794
94	2	100	0	44794
95	4	50	0	44794
96	3	50	-50	44794
97	1	100	0	44794
98	2	100	0	44794
99	1	100	0	44794
0	5	50	-75	44794
1	4	50	0	44794
2	3	50	0	44794
3	2	100	0	44794
4	1	100	0	44794
5	5	50	-50	44794
6	4	50	-250	44794
7	3	50	0	44794
8	2	100	0	44794
9	1	100	-150	44794
10	3	50	0	44794
11	3	50	-50	44794
12	3	50	0	44794
13	3	50	-75	44794
14	4	50	0	44794
15	2	100	0	44794
16	5	50	0	44794
17	2	100	0	44794
18	1	100	-300	44794
19	2	100	0	44794
0	1	100	0	44805
1	1	100	0	44805
2	2	100	0	44805
3	3	50	-75	44805
4	2	100	0	44805
5	4	50	0	44805
6	1	100	-300	44805
7	2	100	0	44805
8	1	100	-150	44805
9	3	50	-50	44805
10	2	100	0	44805
11	4	50	0	44805
12	4	50	0	44805
13	3	50	0	44805
14	4	50	0	44805
15	1	100	0	44805
16	1	100	0	44805
17	1	100	0	44805
18	1	100	-250	44805
19	2	100	0	44805
20	3	50	-75	44805
21	2	100	0	44805
22	1	100	-200	44805
23	2	100	0	44805
24	2	100	0	44805
25	2	100	-1250	44805
26	1	100	-350	44805
27	4	50	0	44805
28	3	50	0	44805
29	2	100	0	44805
30	2	100	0	44805
31	2	100	0	44805
32	2	100	0	44805
33	2	100	0	44805
34	2	100	0	44805
35	2	100	0	44805
36	2	100	0	44805
37	2	100	0	44805
38	2	100	0	44805
39	2	100	-1250	44805
40	1	100	0	44805
41	1	100	0	44805
42	1	100	-150	44805
43	3	50	-25	44805
44	1	100	-250	44805
45	3	50	-25	44805
46	2	100	0	44805
47	2	100	0	44805
48	4	50	-250	44805
49	2	100	0	44805
50	2	100	0	44805
51	2	100	0	44805
52	2	100	0	44805
53	2	100	-1250	44805
54	1	100	-200	44805
55	3	50	0	44805
56	4	50	0	44805
57	3	50	0	44805
58	4	50	0	44805
59	3	50	0	44805
60	4	50	0	44805
61	3	50	-50	44805
62	4	50	0	44805
63	2	100	0	44805
64	2	100	0	44805
65	2	100	0	44805
66	2	100	0	44805
67	2	100	-1250	44805
68	1	100	0	44805
69	3	50	-75	44805
70	4	50	0	44805
71	4	50	-250	44805
72	2	100	0	44805
73	2	100	0	44805
74	2	100	0	44805
75	2	100	0	44805
76	1	100	-350	44805
77	3	50	0	44805
78	4	50	0	44805
79	4	50	0	44805
80	4	50	0	44805
81	1	100	0	44805
82	1	100	-300	44805
83	2	100	0	44805
84	2	100	0	44805
85	2	100	0	44805
86	3	50	0	44805
87	3	50	-50	44805
88	3	50	-25	44805
89	3	50	-50	44805
90	3	50	0	44805
91	3	50	0	44805
92	4	50	0	44805
93	4	50	0	44805
94	4	50	0	44805
95	4	50	0	44805
96	4	50	0	44805
97	4	50	-250	44805
98	3	50	0	44805
99	3	50	-50	44805
0	5	50	-75	44805
1	4	50	0	44805
2	3	50	0	44805
3	2	100	0	44805
4	1	100	0	44805
5	2	100	0	44805
6	2	100	0	44805
7	1	100	0	44805
8	1	100	0	44805
9	1	100	-150	44805
10	3	50	-75	44805
11	4	50	0	44805
12	4	50	0	44805
13	4	50	0	44805
14	4	50	0	44805
15	2	100	0	44805
16	2	100	0	44805
17	3	50	-25	44805
18	4	50	0	44805
19	3	50	0	44805
0	2	100	0	44812
1	2	100	0	44812
2	2	100	0	44812
3	2	100	0	44812
4	2	100	0	44812
5	2	100	0	44812
6	4	50	0	44812
7	3	50	-75	44812
8	1	100	0	44812
9	1	100	0	44812
10	1	100	-300	44812
11	2	100	0	44812
12	2	100	0	44812
13	2	100	-1250	44812
14	1	100	-150	44812
15	3	50	-50	44812
16	4	50	0	44812
17	4	50	0	44812
18	4	50	0	44812
19	4	50	0	44812
20	4	50	-250	44812
21	4	50	0	44812
22	4	50	0	44812
23	4	50	0	44812
24	4	50	0	44812
25	3	50	0	44812
26	3	50	-75	44812
27	2	100	0	44812
28	2	100	0	44812
29	2	100	0	44812
30	2	100	0	44812
31	2	100	0	44812
32	2	100	0	44812
33	2	100	0	44812
34	2	100	0	44812
35	2	100	0	44812
36	2	100	0	44812
37	2	100	-1250	44812
38	2	100	0	44812
39	2	100	0	44812
40	2	100	0	44812
41	2	100	0	44812
42	2	100	0	44812
43	2	100	0	44812
44	2	100	-1250	44812
45	1	100	0	44812
46	1	100	0	44812
47	4	50	0	44812
48	1	100	0	44812
49	2	100	0	44812
50	2	100	0	44812
51	2	100	0	44812
52	2	100	0	44812
53	2	100	-1250	44812
54	3	50	0	44812
55	4	50	-250	44812
56	3	50	-25	44812
57	3	50	-25	44812
58	2	100	0	44812
59	2	100	0	44812
60	2	100	0	44812
61	2	100	0	44812
62	2	100	0	44812
63	2	100	0	44812
64	2	100	0	44812
65	1	100	-250	44812
66	2	100	0	44812
67	1	100	-200	44812
68	2	100	0	44812
69	2	100	0	44812
70	2	100	0	44812
71	3	50	0	44812
72	4	50	0	44812
73	3	50	0	44812
74	3	50	0	44812
75	2	100	0	44812
76	2	100	0	44812
77	2	100	0	44812
78	2	100	0	44812
79	2	100	0	44812
80	2	100	-1250	44812
81	2	100	0	44812
82	2	100	0	44812
83	2	100	0	44812
84	2	100	0	44812
85	2	100	0	44812
86	2	100	0	44812
87	2	100	0	44812
88	2	100	0	44812
89	2	100	0	44812
90	2	100	0	44812
91	2	100	-1250	44812
92	1	100	-350	44812
93	1	100	0	44812
94	4	50	0	44812
95	3	50	-50	44812
96	3	50	-75	44812
97	2	100	0	44812
98	2	100	0	44812
99	2	100	0	44812
0	5	50	-75	44812
1	5	50	-50	44812
2	5	50	0	44812
3	5	50	-75	44812
4	5	50	0	44812
5	5	50	-25	44812
6	5	50	-25	44812
7	4	50	0	44812
8	4	50	0	44812
9	2	100	0	44812
10	2	100	0	44812
11	2	100	0	44812
12	2	100	-1250	44812
13	2	100	0	44812
14	2	100	0	44812
15	2	100	0	44812
16	2	100	0	44812
17	2	100	-1250	44812
18	3	50	0	44812
19	3	50	0	44812
0	3	50	-75	44828
1	2	100	0	44828
2	4	50	0	44828
3	3	50	-50	44828
4	1	100	0	44828
5	4	50	0	44828
6	2	100	0	44828
7	3	50	0	44828
8	4	50	0	44828
9	1	100	0	44828
10	2	100	0	44828
11	3	50	-75	44828
12	4	50	0	44828
13	2	100	0	44828
14	4	50	0	44828
15	1	100	-300	44828
16	3	50	0	44828
17	2	100	0	44828
18	4	50	-250	44828
19	2	100	0	44828
20	2	100	0	44828
21	3	50	-25	44828
22	2	100	0	44828
23	4	50	0	44828
24	2	100	-1250	44828
25	3	50	-25	44828
26	1	100	-150	44828
27	4	50	0	44828
28	3	50	0	44828
29	2	100	0	44828
30	3	50	0	44828
31	2	100	0	44828
32	3	50	0	44828
33	2	100	0	44828
34	4	50	0	44828
35	1	100	0	44828
36	2	100	0	44828
37	3	50	-50	44828
38	2	100	0	44828
39	1	100	0	44828
40	4	50	0	44828
41	2	100	0	44828
42	3	50	-75	44828
43	2	100	0	44828
44	1	100	0	44828
45	2	100	0	44828
46	1	100	-250	44828
47	4	50	0	44828
48	3	50	0	44828
49	2	100	0	44828
50	4	50	-250	44828
51	3	50	0	44828
52	1	100	-200	44828
53	2	100	0	44828
54	3	50	-50	44828
55	4	50	0	44828
56	2	100	-1250	44828
57	3	50	-25	44828
58	4	50	0	44828
59	1	100	-350	44828
60	3	50	-50	44828
61	2	100	0	44828
62	3	50	0	44828
63	2	100	0	44828
64	4	50	0	44828
65	3	50	0	44828
66	2	100	0	44828
67	3	50	0	44828
68	4	50	0	44828
69	3	50	-50	44828
70	2	100	0	44828
71	1	100	0	44828
72	2	100	0	44828
73	3	50	0	44828
74	3	50	-75	44828
75	3	50	-25	44828
76	3	50	0	44828
77	3	50	0	44828
78	2	100	0	44828
79	2	100	-1250	44828
80	4	50	0	44828
81	4	50	0	44828
82	4	50	0	44828
83	4	50	0	44828
84	4	50	-250	44828
85	3	50	0	44828
86	3	50	-75	44828
87	3	50	-25	44828
88	3	50	0	44828
89	3	50	-50	44828
90	3	50	-50	44828
91	3	50	0	44828
92	3	50	-50	44828
93	3	50	0	44828
94	3	50	-50	44828
95	3	50	0	44828
96	1	100	0	44828
97	1	100	-150	44828
98	1	100	-250	44828
99	2	100	0	44828
0	5	50	-75	44828
1	3	50	-50	44828
2	4	50	0	44828
3	5	50	-50	44828
4	5	50	0	44828
5	5	50	-75	44828
6	3	50	0	44828
7	2	100	0	44828
8	3	50	0	44828
9	4	50	0	44828
10	5	50	0	44828
11	3	50	-75	44828
12	2	100	0	44828
13	4	50	0	44828
14	3	50	-50	44828
15	1	100	-200	44828
16	3	50	0	44828
17	4	50	0	44828
18	5	50	-25	44828
19	2	100	0	44828
0	3	50	-75	44852
1	2	100	0	44852
2	2	100	0	44852
3	2	100	0	44852
4	2	100	0	44852
5	2	100	0	44852
6	2	100	0	44852
7	2	100	0	44852
8	2	100	0	44852
9	2	100	-1250	44852
10	3	50	-50	44852
11	4	50	0	44852
12	4	50	0	44852
13	4	50	0	44852
14	4	50	0	44852
15	4	50	0	44852
16	1	100	0	44852
17	1	100	0	44852
18	1	100	-300	44852
19	3	50	0	44852
20	3	50	-75	44852
21	3	50	0	44852
22	4	50	-250	44852
23	2	100	0	44852
24	2	100	0	44852
25	2	100	0	44852
26	3	50	-25	44852
27	2	100	0	44852
28	2	100	0	44852
29	1	100	-150	44852
30	2	100	0	44852
31	2	100	0	44852
32	2	100	0	44852
33	2	100	0	44852
34	3	50	-25	44852
35	4	50	0	44852
36	4	50	0	44852
37	4	50	0	44852
38	4	50	0	44852
39	2	100	0	44852
40	4	50	0	44852
41	2	100	-1250	44852
42	4	50	-250	44852
43	1	100	0	44852
44	1	100	0	44852
45	1	100	0	44852
46	1	100	-250	44852
47	2	100	0	44852
48	2	100	0	44852
49	2	100	0	44852
50	2	100	0	44852
51	2	100	0	44852
52	2	100	0	44852
53	3	50	0	44852
54	3	50	0	44852
55	3	50	0	44852
56	2	100	-1250	44852
57	3	50	-50	44852
58	3	50	-75	44852
59	3	50	0	44852
60	3	50	0	44852
61	3	50	-50	44852
62	4	50	0	44852
63	4	50	0	44852
64	4	50	0	44852
65	4	50	0	44852
66	4	50	0	44852
67	4	50	0	44852
68	4	50	0	44852
69	4	50	0	44852
70	4	50	-250	44852
71	2	100	0	44852
72	2	100	0	44852
73	2	100	0	44852
74	2	100	0	44852
75	2	100	-1250	44852
76	1	100	-200	44852
77	1	100	-350	44852
78	3	50	-25	44852
79	2	100	0	44852
80	2	100	0	44852
81	2	100	0	44852
82	2	100	0	44852
83	2	100	0	44852
84	2	100	0	44852
85	4	50	0	44852
86	4	50	0	44852
87	4	50	0	44852
88	4	50	0	44852
89	4	50	0	44852
90	4	50	0	44852
91	4	50	0	44852
92	4	50	0	44852
93	3	50	-50	44852
94	4	50	0	44852
95	4	50	-250	44852
96	3	50	0	44852
97	3	50	0	44852
98	3	50	0	44852
99	3	50	-50	44852
0	3	50	0	44852
1	3	50	-75	44852
2	2	100	0	44852
3	2	100	0	44852
4	2	100	0	44852
5	2	100	0	44852
6	2	100	0	44852
7	2	100	0	44852
8	2	100	0	44852
9	2	100	0	44852
10	2	100	0	44852
11	2	100	0	44852
12	4	50	0	44852
13	4	50	0	44852
14	4	50	0	44852
15	4	50	0	44852
16	4	50	0	44852
17	4	50	0	44852
18	4	50	0	44852
19	4	50	0	44852
0	1	100	0	44853
1	1	100	0	44853
2	1	100	-300	44853
3	2	100	0	44853
4	2	100	0	44853
5	1	100	-150	44853
6	3	50	-75	44853
7	2	100	0	44853
8	2	100	0	44853
9	2	100	0	44853
10	2	100	0	44853
11	2	100	0	44853
12	2	100	0	44853
13	2	100	-1250	44853
14	3	50	-50	44853
15	1	100	0	44853
16	1	100	0	44853
17	1	100	0	44853
18	2	100	0	44853
19	2	100	0	44853
20	3	50	0	44853
21	2	100	0	44853
22	1	100	-250	44853
23	1	100	-200	44853
24	2	100	0	44853
25	2	100	0	44853
26	3	50	-75	44853
27	2	100	0	44853
28	4	50	0	44853
29	4	50	0	44853
30	4	50	0	44853
31	4	50	0	44853
32	1	100	-350	44853
33	4	50	0	44853
34	2	100	0	44853
35	2	100	0	44853
36	1	100	0	44853
37	1	100	0	44853
38	4	50	-250	44853
39	2	100	0	44853
40	2	100	0	44853
41	1	100	-150	44853
42	2	100	-1250	44853
43	4	50	0	44853
44	4	50	0	44853
45	4	50	0	44853
46	2	100	0	44853
47	2	100	0	44853
48	2	100	0	44853
49	2	100	0	44853
50	2	100	0	44853
51	2	100	0	44853
52	1	100	-250	44853
53	2	100	-1250	44853
54	2	100	0	44853
55	3	50	0	44853
56	2	100	0	44853
57	2	100	0	44853
58	2	100	0	44853
59	2	100	-1250	44853
60	2	100	0	44853
61	2	100	0	44853
62	2	100	0	44853
63	2	100	0	44853
64	2	100	0	44853
65	2	100	0	44853
66	1	100	-200	44853
67	1	100	0	44853
68	3	50	-25	44853
69	3	50	-25	44853
70	1	100	-350	44853
71	1	100	0	44853
72	4	50	0	44853
73	4	50	0	44853
74	4	50	-250	44853
75	2	100	0	44853
76	2	100	0	44853
77	1	100	-300	44853
78	2	100	0	44853
79	2	100	0	44853
80	1	100	0	44853
81	3	50	0	44853
82	1	100	0	44853
83	1	100	0	44853
84	1	100	-150	44853
85	2	100	0	44853
86	2	100	0	44853
87	2	100	0	44853
88	3	50	0	44853
89	3	50	0	44853
90	2	100	0	44853
91	2	100	0	44853
92	4	50	0	44853
93	2	100	0	44853
94	1	100	-300	44853
95	3	50	-50	44853
96	4	50	0	44853
97	1	100	0	44853
98	1	100	-200	44853
99	2	100	-1250	44853
0	5	50	-75	44853
1	4	50	0	44853
2	2	100	0	44853
3	2	100	0	44853
4	1	100	-250	44853
5	2	100	0	44853
6	2	100	0	44853
7	2	100	0	44853
8	2	100	0	44853
9	2	100	0	44853
10	2	100	0	44853
11	3	50	-75	44853
12	2	100	0	44853
13	3	50	0	44853
14	2	100	0	44853
15	3	50	0	44853
16	2	100	-1250	44853
17	4	50	0	44853
18	4	50	0	44853
19	5	50	-50	44853
0	4	50	0	44856
1	2	100	0	44856
2	3	50	-75	44856
3	2	100	0	44856
4	1	100	0	44856
5	2	100	0	44856
6	2	100	0	44856
7	3	50	-50	44856
8	4	50	0	44856
9	2	100	0	44856
10	1	100	0	44856
11	2	100	0	44856
12	1	100	-300	44856
13	3	50	0	44856
14	2	100	0	44856
15	3	50	-75	44856
16	2	100	0	44856
17	2	100	-1250	44856
18	1	100	-150	44856
19	4	50	0	44856
20	3	50	0	44856
21	3	50	-25	44856
22	4	50	0	44856
23	2	100	0	44856
24	1	100	0	44856
25	3	50	-25	44856
26	2	100	0	44856
27	1	100	0	44856
28	4	50	0	44856
29	2	100	0	44856
30	1	100	0	44856
31	4	50	-250	44856
32	2	100	0	44856
33	3	50	0	44856
34	1	100	-250	44856
35	2	100	0	44856
36	3	50	0	44856
37	1	100	-200	44856
38	3	50	0	44856
39	2	100	0	44856
40	4	50	0	44856
41	2	100	0	44856
42	3	50	-50	44856
43	1	100	-350	44856
44	2	100	0	44856
45	4	50	0	44856
46	4	50	0	44856
47	1	100	0	44856
48	2	100	0	44856
49	3	50	-75	44856
50	2	100	0	44856
51	1	100	0	44856
52	4	50	0	44856
53	1	100	-150	44856
54	3	50	0	44856
55	2	100	-1250	44856
56	4	50	0	44856
57	3	50	0	44856
58	4	50	-250	44856
59	4	50	0	44856
60	1	100	-250	44856
61	2	100	0	44856
62	2	100	0	44856
63	1	100	-200	44856
64	3	50	-50	44856
65	3	50	-25	44856
66	4	50	0	44856
67	2	100	0	44856
68	3	50	-50	44856
69	1	100	0	44856
70	2	100	0	44856
71	2	100	0	44856
72	4	50	0	44856
73	1	100	-350	44856
74	3	50	0	44856
75	2	100	0	44856
76	4	50	0	44856
77	1	100	0	44856
78	3	50	0	44856
79	2	100	-1250	44856
80	4	50	0	44856
81	3	50	0	44856
82	4	50	0	44856
83	2	100	0	44856
84	1	100	-300	44856
85	1	100	0	44856
86	3	50	-50	44856
87	2	100	0	44856
88	4	50	0	44856
89	1	100	0	44856
90	3	50	0	44856
91	2	100	0	44856
92	3	50	-75	44856
93	1	100	0	44856
94	3	50	-25	44856
95	4	50	0	44856
96	2	100	0	44856
97	3	50	0	44856
98	4	50	-250	44856
99	2	100	-1250	44856
0	3	50	0	44856
1	5	50	-75	44856
2	5	50	-50	44856
3	4	50	0	44856
4	2	100	0	44856
5	2	100	0	44856
6	1	100	-150	44856
7	3	50	0	44856
8	5	50	0	44856
9	4	50	0	44856
10	3	50	-75	44856
11	2	100	0	44856
12	3	50	-25	44856
13	4	50	0	44856
14	1	100	-300	44856
15	2	100	0	44856
16	3	50	0	44856
17	5	50	-75	44856
18	4	50	0	44856
19	3	50	-50	44856
0	2	100	0	44864
1	4	50	0	44864
2	4	50	0	44864
3	2	100	0	44864
4	2	100	0	44864
5	2	100	0	44864
6	2	100	0	44864
7	3	50	-75	44864
8	1	100	0	44864
9	2	100	0	44864
10	2	100	0	44864
11	2	100	0	44864
12	2	100	-1250	44864
13	4	50	0	44864
14	4	50	0	44864
15	2	100	0	44864
16	2	100	0	44864
17	2	100	0	44864
18	2	100	0	44864
19	2	100	0	44864
20	2	100	0	44864
21	2	100	0	44864
22	3	50	-50	44864
23	2	100	0	44864
24	2	100	0	44864
25	2	100	0	44864
26	2	100	-1250	44864
27	2	100	0	44864
28	2	100	0	44864
29	2	100	0	44864
30	1	100	0	44864
31	1	100	-300	44864
32	2	100	0	44864
33	2	100	0	44864
34	2	100	0	44864
35	2	100	-1250	44864
36	4	50	0	44864
37	4	50	-250	44864
38	2	100	0	44864
39	2	100	0	44864
40	2	100	0	44864
41	2	100	0	44864
42	3	50	0	44864
43	3	50	-75	44864
44	3	50	0	44864
45	3	50	-25	44864
46	3	50	-25	44864
47	2	100	-1250	44864
48	2	100	0	44864
49	2	100	0	44864
50	2	100	0	44864
51	2	100	0	44864
52	2	100	0	44864
53	2	100	0	44864
54	1	100	-150	44864
55	1	100	0	44864
56	1	100	0	44864
57	1	100	0	44864
58	4	50	0	44864
59	1	100	-250	44864
60	2	100	0	44864
61	2	100	0	44864
62	2	100	0	44864
63	2	100	0	44864
64	3	50	0	44864
65	1	100	-200	44864
66	4	50	0	44864
67	4	50	0	44864
68	4	50	0	44864
69	3	50	0	44864
70	1	100	-350	44864
71	2	100	0	44864
72	2	100	0	44864
73	2	100	0	44864
74	2	100	0	44864
75	3	50	0	44864
76	4	50	0	44864
77	1	100	0	44864
78	2	100	0	44864
79	4	50	-250	44864
80	3	50	-50	44864
81	2	100	0	44864
82	2	100	-1250	44864
83	2	100	0	44864
84	2	100	0	44864
85	2	100	0	44864
86	1	100	0	44864
87	4	50	0	44864
88	3	50	-75	44864
89	3	50	0	44864
90	3	50	0	44864
91	4	50	0	44864
92	2	100	0	44864
93	1	100	-150	44864
94	3	50	-50	44864
95	2	100	0	44864
96	2	100	0	44864
97	2	100	0	44864
98	2	100	0	44864
99	2	100	0	44864
0	5	50	-75	44864
1	4	50	0	44864
2	3	50	-25	44864
3	2	100	0	44864
4	1	100	-250	44864
5	5	50	-50	44864
6	4	50	0	44864
7	3	50	-50	44864
8	2	100	-1250	44864
9	3	50	0	44864
10	3	50	0	44864
11	5	50	0	44864
12	5	50	-75	44864
13	5	50	0	44864
14	5	50	-25	44864
15	5	50	-25	44864
16	5	50	0	44864
17	4	50	0	44864
18	4	50	0	44864
19	4	50	0	44864
0	3	50	-75	44877
1	3	50	-50	44877
2	4	50	0	44877
3	3	50	0	44877
4	1	100	0	44877
5	4	50	0	44877
6	2	100	0	44877
7	2	100	0	44877
8	3	50	-75	44877
9	4	50	0	44877
10	2	100	0	44877
11	1	100	0	44877
12	3	50	0	44877
13	2	100	0	44877
14	4	50	0	44877
15	3	50	-25	44877
16	1	100	-300	44877
17	1	100	-150	44877
18	3	50	-25	44877
19	2	100	0	44877
20	4	50	0	44877
21	3	50	0	44877
22	1	100	0	44877
23	2	100	0	44877
24	4	50	-250	44877
25	3	50	0	44877
26	2	100	0	44877
27	4	50	0	44877
28	1	100	0	44877
29	3	50	0	44877
30	2	100	0	44877
31	2	100	-1250	44877
32	2	100	0	44877
33	3	50	-50	44877
34	4	50	0	44877
35	1	100	0	44877
36	2	100	0	44877
37	3	50	-75	44877
38	3	50	0	44877
39	4	50	0	44877
40	2	100	0	44877
41	3	50	0	44877
42	1	100	-250	44877
43	1	100	-200	44877
44	1	100	-350	44877
45	2	100	0	44877
46	1	100	0	44877
47	3	50	-50	44877
48	2	100	0	44877
49	4	50	0	44877
50	3	50	-25	44877
51	4	50	0	44877
52	4	50	-250	44877
53	2	100	0	44877
54	1	100	0	44877
55	3	50	-50	44877
56	2	100	0	44877
57	4	50	0	44877
58	2	100	0	44877
59	3	50	0	44877
60	1	100	-150	44877
61	2	100	0	44877
62	1	100	-250	44877
63	1	100	-200	44877
64	1	100	0	44877
65	3	50	0	44877
66	2	100	0	44877
67	1	100	-350	44877
68	4	50	0	44877
69	3	50	0	44877
70	2	100	-1250	44877
71	1	100	0	44877
72	2	100	0	44877
73	3	50	-50	44877
74	2	100	0	44877
75	4	50	0	44877
76	4	50	0	44877
77	4	50	0	44877
78	3	50	0	44877
79	4	50	0	44877
80	2	100	0	44877
81	4	50	0	44877
82	4	50	0	44877
83	4	50	-250	44877
84	3	50	-75	44877
85	1	100	-300	44877
86	2	100	0	44877
87	3	50	-25	44877
88	2	100	0	44877
89	2	100	0	44877
90	4	50	0	44877
91	2	100	-1250	44877
92	1	100	0	44877
93	3	50	0	44877
94	1	100	0	44877
95	4	50	0	44877
96	1	100	0	44877
97	2	100	0	44877
98	3	50	0	44877
99	2	100	0	44877
0	5	50	-75	44877
1	4	50	0	44877
2	3	50	0	44877
3	4	50	0	44877
4	5	50	-50	44877
5	1	100	-150	44877
6	2	100	0	44877
7	3	50	-75	44877
8	4	50	0	44877
9	5	50	0	44877
10	3	50	-25	44877
11	2	100	0	44877
12	1	100	-300	44877
13	3	50	0	44877
14	2	100	-1250	44877
15	4	50	0	44877
16	3	50	-50	44877
17	5	50	-75	44877
18	4	50	0	44877
19	4	50	0	44877
0	2	100	0	44884
1	3	50	-75	44884
2	3	50	-50	44884
3	3	50	0	44884
4	4	50	0	44884
5	1	100	0	44884
6	1	100	0	44884
7	3	50	-75	44884
8	4	50	0	44884
9	2	100	0	44884
10	1	100	-300	44884
11	2	100	0	44884
12	2	100	0	44884
13	2	100	0	44884
14	2	100	0	44884
15	2	100	0	44884
16	2	100	0	44884
17	2	100	-1250	44884
18	3	50	0	44884
19	4	50	0	44884
20	3	50	-25	44884
21	4	50	0	44884
22	4	50	0	44884
23	1	100	-150	44884
24	1	100	0	44884
25	1	100	0	44884
26	1	100	0	44884
27	1	100	-250	44884
28	4	50	-250	44884
29	3	50	-25	44884
30	1	100	-200	44884
31	2	100	0	44884
32	2	100	0	44884
33	2	100	0	44884
34	2	100	0	44884
35	3	50	0	44884
36	3	50	0	44884
37	3	50	0	44884
38	4	50	0	44884
39	4	50	0	44884
40	1	100	-350	44884
41	4	50	0	44884
42	4	50	0	44884
43	3	50	-50	44884
44	4	50	0	44884
45	4	50	-250	44884
46	2	100	0	44884
47	2	100	0	44884
48	2	100	0	44884
49	2	100	0	44884
50	3	50	-75	44884
51	4	50	0	44884
52	4	50	0	44884
53	4	50	0	44884
54	4	50	0	44884
55	4	50	0	44884
56	1	100	0	44884
57	1	100	0	44884
58	1	100	-150	44884
59	4	50	0	44884
60	3	50	0	44884
61	2	100	0	44884
62	2	100	0	44884
63	2	100	-1250	44884
64	3	50	0	44884
65	3	50	-50	44884
66	4	50	0	44884
67	4	50	0	44884
68	4	50	-250	44884
69	1	100	-250	44884
70	1	100	-200	44884
71	1	100	0	44884
72	1	100	-350	44884
73	1	100	0	44884
74	2	100	0	44884
75	4	50	0	44884
76	4	50	0	44884
77	4	50	0	44884
78	4	50	0	44884
79	3	50	-25	44884
80	4	50	0	44884
81	3	50	-50	44884
82	4	50	0	44884
83	4	50	0	44884
84	4	50	0	44884
85	4	50	0	44884
86	4	50	-250	44884
87	3	50	0	44884
88	2	100	0	44884
89	2	100	0	44884
90	2	100	0	44884
91	3	50	0	44884
92	3	50	0	44884
93	2	100	0	44884
94	2	100	0	44884
95	3	50	-50	44884
96	3	50	0	44884
97	3	50	-75	44884
98	2	100	-1250	44884
99	1	100	-300	44884
0	5	50	-75	44884
1	5	50	-50	44884
2	5	50	0	44884
3	2	100	0	44884
4	2	100	0	44884
5	2	100	0	44884
6	3	50	-25	44884
7	4	50	0	44884
8	4	50	0	44884
9	4	50	0	44884
10	5	50	-75	44884
11	4	50	0	44884
12	5	50	0	44884
13	3	50	0	44884
14	2	100	0	44884
15	4	50	0	44884
16	3	50	0	44884
17	4	50	0	44884
18	4	50	0	44884
19	4	50	0	44884
0	1	100	0	44902
1	1	100	0	44902
2	2	100	0	44902
3	2	100	0	44902
4	3	50	-75	44902
5	4	50	0	44902
6	2	100	0	44902
7	2	100	0	44902
8	2	100	0	44902
9	2	100	0	44902
10	2	100	0	44902
11	2	100	0	44902
12	2	100	-1250	44902
13	2	100	0	44902
14	2	100	0	44902
15	2	100	0	44902
16	2	100	0	44902
17	2	100	0	44902
18	2	100	0	44902
19	2	100	0	44902
20	2	100	0	44902
21	2	100	0	44902
22	2	100	0	44902
23	2	100	-1250	44902
24	2	100	0	44902
25	2	100	0	44902
26	2	100	0	44902
27	2	100	0	44902
28	2	100	0	44902
29	2	100	0	44902
30	2	100	-1250	44902
31	1	100	-300	44902
32	2	100	0	44902
33	3	50	-50	44902
34	4	50	0	44902
35	2	100	0	44902
36	2	100	0	44902
37	2	100	0	44902
38	2	100	-1250	44902
39	3	50	0	44902
40	3	50	-75	44902
41	4	50	0	44902
42	2	100	0	44902
43	2	100	0	44902
44	1	100	-150	44902
45	2	100	0	44902
46	2	100	0	44902
47	2	100	0	44902
48	2	100	0	44902
49	3	50	0	44902
50	3	50	-25	44902
51	4	50	0	44902
52	4	50	0	44902
53	4	50	-250	44902
54	2	100	0	44902
55	3	50	-25	44902
56	2	100	0	44902
57	1	100	0	44902
58	1	100	0	44902
59	1	100	0	44902
60	1	100	-250	44902
61	2	100	0	44902
62	3	50	0	44902
63	3	50	0	44902
64	3	50	0	44902
65	4	50	0	44902
66	4	50	0	44902
67	4	50	0	44902
68	4	50	0	44902
69	3	50	-50	44902
70	2	100	0	44902
71	2	100	0	44902
72	2	100	0	44902
73	1	100	-200	44902
74	3	50	-75	44902
75	3	50	0	44902
76	2	100	0	44902
77	2	100	0	44902
78	2	100	0	44902
79	4	50	0	44902
80	4	50	-250	44902
81	3	50	0	44902
82	3	50	-50	44902
83	4	50	0	44902
84	4	50	0	44902
85	4	50	0	44902
86	4	50	0	44902
87	4	50	0	44902
88	2	100	0	44902
89	3	50	-25	44902
90	2	100	-1250	44902
91	1	100	-350	44902
92	1	100	0	44902
93	1	100	0	44902
94	2	100	0	44902
95	2	100	0	44902
96	2	100	0	44902
97	2	100	0	44902
98	3	50	-50	44902
99	4	50	0	44902
0	5	50	-75	44902
1	5	50	-50	44902
2	5	50	0	44902
3	5	50	-75	44902
4	4	50	0	44902
5	3	50	0	44902
6	3	50	0	44902
7	3	50	0	44902
8	2	100	0	44902
9	2	100	0	44902
10	2	100	0	44902
11	2	100	0	44902
12	2	100	0	44902
13	2	100	0	44902
14	2	100	-1250	44902
15	1	100	-150	44902
16	1	100	-250	44902
17	1	100	-200	44902
18	3	50	-50	44902
19	4	50	0	44902
0	4	50	0	44904
1	2	100	0	44904
2	3	50	-75	44904
3	1	100	0	44904
4	1	100	0	44904
5	4	50	0	44904
6	2	100	0	44904
7	1	100	-300	44904
8	2	100	0	44904
9	3	50	-50	44904
10	2	100	0	44904
11	4	50	0	44904
12	3	50	0	44904
13	2	100	0	44904
14	1	100	-150	44904
15	3	50	-75	44904
16	4	50	0	44904
17	3	50	0	44904
18	3	50	-25	44904
19	2	100	0	44904
20	4	50	0	44904
21	3	50	-25	44904
22	4	50	-250	44904
23	3	50	0	44904
24	3	50	0	44904
25	3	50	0	44904
26	3	50	-50	44904
27	2	100	0	44904
28	1	100	0	44904
29	1	100	0	44904
30	2	100	0	44904
31	1	100	0	44904
32	2	100	-1250	44904
33	1	100	-250	44904
34	1	100	-200	44904
35	2	100	0	44904
36	3	50	-75	44904
37	1	100	-350	44904
38	4	50	0	44904
39	4	50	0	44904
40	4	50	0	44904
41	4	50	0	44904
42	3	50	0	44904
43	4	50	0	44904
44	3	50	0	44904
45	2	100	0	44904
46	3	50	-50	44904
47	2	100	0	44904
48	4	50	-250	44904
49	3	50	-25	44904
50	2	100	0	44904
51	2	100	0	44904
52	2	100	0	44904
53	2	100	0	44904
54	2	100	0	44904
55	2	100	0	44904
56	2	100	0	44904
57	2	100	-1250	44904
58	3	50	-50	44904
59	3	50	0	44904
60	3	50	0	44904
61	3	50	0	44904
62	3	50	-50	44904
63	4	50	0	44904
64	4	50	0	44904
65	4	50	0	44904
66	3	50	0	44904
67	3	50	-75	44904
68	2	100	0	44904
69	2	100	0	44904
70	2	100	0	44904
71	4	50	0	44904
72	4	50	0	44904
73	4	50	0	44904
74	3	50	-25	44904
75	2	100	0	44904
76	1	100	0	44904
77	1	100	0	44904
78	1	100	-150	44904
79	2	100	0	44904
80	2	100	0	44904
81	2	100	-1250	44904
82	2	100	0	44904
83	3	50	0	44904
84	3	50	0	44904
85	3	50	0	44904
86	3	50	-75	44904
87	3	50	-25	44904
88	2	100	0	44904
89	2	100	0	44904
90	2	100	0	44904
91	2	100	-1250	44904
92	2	100	0	44904
93	2	100	0	44904
94	2	100	0	44904
95	2	100	0	44904
96	2	100	0	44904
97	2	100	0	44904
98	4	50	0	44904
99	4	50	0	44904
0	4	50	-250	44904
1	5	50	-75	44904
2	5	50	-50	44904
3	5	50	0	44904
4	4	50	0	44904
5	3	50	0	44904
6	2	100	0	44904
7	1	100	-250	44904
8	2	100	0	44904
9	2	100	0	44904
10	3	50	-50	44904
11	4	50	0	44904
12	5	50	-75	44904
13	3	50	-50	44904
14	4	50	0	44904
15	4	50	0	44904
16	4	50	0	44904
17	4	50	0	44904
18	4	50	0	44904
19	4	50	0	44904
0	1	100	0	44908
1	4	50	0	44908
2	3	50	-75	44908
3	1	100	0	44908
4	2	100	0	44908
5	4	50	0	44908
6	1	100	-300	44908
7	2	100	0	44908
8	3	50	-50	44908
9	4	50	0	44908
10	4	50	0	44908
11	1	100	-150	44908
12	2	100	0	44908
13	4	50	0	44908
14	3	50	0	44908
15	3	50	-75	44908
16	2	100	0	44908
17	2	100	0	44908
18	1	100	0	44908
19	4	50	-250	44908
20	2	100	0	44908
21	2	100	0	44908
22	2	100	0	44908
23	2	100	-1250	44908
24	1	100	0	44908
25	1	100	0	44908
26	4	50	0	44908
27	1	100	-250	44908
28	4	50	0	44908
29	3	50	0	44908
30	3	50	-25	44908
31	2	100	0	44908
32	4	50	0	44908
33	1	100	-200	44908
34	2	100	0	44908
35	3	50	-25	44908
36	4	50	0	44908
37	2	100	0	44908
38	1	100	-350	44908
39	2	100	0	44908
40	2	100	0	44908
41	4	50	0	44908
42	3	50	0	44908
43	3	50	0	44908
44	2	100	0	44908
45	2	100	0	44908
46	1	100	0	44908
47	4	50	-250	44908
48	1	100	0	44908
49	2	100	0	44908
50	3	50	0	44908
51	3	50	-50	44908
52	2	100	0	44908
53	1	100	-150	44908
54	2	100	0	44908
55	2	100	-1250	44908
56	1	100	-250	44908
57	3	50	-75	44908
58	2	100	0	44908
59	2	100	0	44908
60	4	50	0	44908
61	4	50	0	44908
62	4	50	0	44908
63	2	100	0	44908
64	1	100	-200	44908
65	2	100	0	44908
66	3	50	0	44908
67	3	50	0	44908
68	3	50	-50	44908
69	4	50	0	44908
70	1	100	0	44908
71	2	100	0	44908
72	2	100	0	44908
73	3	50	-25	44908
74	4	50	0	44908
75	3	50	-50	44908
76	3	50	0	44908
77	1	100	-350	44908
78	2	100	-1250	44908
79	3	50	0	44908
80	3	50	0	44908
81	3	50	-50	44908
82	1	100	0	44908
83	1	100	-300	44908
84	2	100	0	44908
85	2	100	0	44908
86	2	100	0	44908
87	4	50	0	44908
88	4	50	0	44908
89	4	50	0	44908
90	3	50	0	44908
91	3	50	-75	44908
92	2	100	0	44908
93	1	100	0	44908
94	1	100	0	44908
95	1	100	0	44908
96	1	100	-150	44908
97	2	100	-1250	44908
98	1	100	-300	44908
99	3	50	-25	44908
0	5	50	-75	44908
1	4	50	-250	44908
2	3	50	0	44908
3	2	100	0	44908
4	2	100	0	44908
5	2	100	0	44908
6	1	100	0	44908
7	1	100	-200	44908
8	3	50	0	44908
9	4	50	0	44908
10	5	50	-50	44908
11	4	50	0	44908
12	3	50	0	44908
13	3	50	-75	44908
14	2	100	0	44908
15	2	100	0	44908
16	1	100	-250	44908
17	2	100	0	44908
18	4	50	0	44908
19	5	50	0	44908
0	4	50	0	44912
1	2	100	0	44912
2	2	100	0	44912
3	1	100	0	44912
4	3	50	-75	44912
5	2	100	0	44912
6	2	100	0	44912
7	2	100	0	44912
8	2	100	0	44912
9	2	100	0	44912
10	2	100	0	44912
11	2	100	-1250	44912
12	1	100	0	44912
13	1	100	-300	44912
14	3	50	-50	44912
15	4	50	0	44912
16	4	50	0	44912
17	4	50	0	44912
18	4	50	0	44912
19	4	50	-250	44912
20	3	50	0	44912
21	3	50	-75	44912
22	2	100	0	44912
23	2	100	0	44912
24	1	100	-150	44912
25	3	50	0	44912
26	4	50	0	44912
27	2	100	0	44912
28	3	50	-25	44912
29	4	50	0	44912
30	2	100	0	44912
31	4	50	0	44912
32	3	50	-25	44912
33	2	100	0	44912
34	1	100	0	44912
35	2	100	0	44912
36	1	100	0	44912
37	3	50	0	44912
38	2	100	0	44912
39	1	100	0	44912
40	3	50	0	44912
41	2	100	0	44912
42	1	100	-250	44912
43	3	50	0	44912
44	2	100	0	44912
45	4	50	0	44912
46	3	50	-50	44912
47	2	100	0	44912
48	1	100	-200	44912
49	2	100	-1250	44912
50	3	50	-75	44912
51	4	50	0	44912
52	3	50	0	44912
53	3	50	0	44912
54	2	100	0	44912
55	2	100	0	44912
56	3	50	-50	44912
57	4	50	-250	44912
58	3	50	-25	44912
59	2	100	0	44912
60	2	100	0	44912
61	2	100	0	44912
62	1	100	-350	44912
63	2	100	0	44912
64	2	100	-1250	44912
65	2	100	0	44912
66	2	100	0	44912
67	2	100	0	44912
68	2	100	0	44912
69	2	100	-1250	44912
70	2	100	0	44912
71	2	100	0	44912
72	2	100	0	44912
73	2	100	0	44912
74	2	100	0	44912
75	2	100	0	44912
76	2	100	0	44912
77	2	100	0	44912
78	2	100	0	44912
79	2	100	0	44912
80	2	100	0	44912
81	2	100	0	44912
82	2	100	0	44912
83	2	100	0	44912
84	2	100	0	44912
85	2	100	0	44912
86	2	100	-1250	44912
87	3	50	-50	44912
88	3	50	0	44912
89	3	50	0	44912
90	3	50	0	44912
91	3	50	-50	44912
92	3	50	0	44912
93	3	50	-75	44912
94	3	50	-25	44912
95	3	50	0	44912
96	3	50	0	44912
97	1	100	0	44912
98	2	100	0	44912
99	1	100	0	44912
0	5	50	-75	44912
1	4	50	0	44912
2	3	50	0	44912
3	4	50	0	44912
4	2	100	0	44912
5	1	100	-150	44912
6	2	100	0	44912
7	3	50	-75	44912
8	4	50	0	44912
9	2	100	0	44912
10	5	50	-50	44912
11	3	50	-25	44912
12	2	100	0	44912
13	4	50	0	44912
14	5	50	0	44912
15	3	50	0	44912
16	2	100	0	44912
17	3	50	-50	44912
18	4	50	0	44912
19	5	50	-75	44912
0	1	100	0	44916
1	1	100	0	44916
2	1	100	-300	44916
3	1	100	-150	44916
4	2	100	0	44916
5	3	50	-75	44916
6	4	50	0	44916
7	1	100	0	44916
8	2	100	0	44916
9	3	50	-50	44916
10	4	50	0	44916
11	4	50	0	44916
12	4	50	0	44916
13	4	50	0	44916
14	4	50	-250	44916
15	4	50	0	44916
16	4	50	0	44916
17	4	50	0	44916
18	1	100	0	44916
19	3	50	0	44916
20	1	100	0	44916
21	2	100	0	44916
22	1	100	-250	44916
23	2	100	0	44916
24	3	50	-75	44916
25	2	100	0	44916
26	1	100	-200	44916
27	1	100	-350	44916
28	1	100	0	44916
29	1	100	0	44916
30	4	50	0	44916
31	1	100	-150	44916
32	2	100	0	44916
33	1	100	-250	44916
34	1	100	-200	44916
35	2	100	0	44916
36	1	100	0	44916
37	2	100	0	44916
38	3	50	0	44916
39	1	100	-350	44916
40	2	100	-1250	44916
41	3	50	-25	44916
42	2	100	0	44916
43	1	100	0	44916
44	1	100	-300	44916
45	2	100	0	44916
46	1	100	0	44916
47	2	100	0	44916
48	3	50	-25	44916
49	2	100	0	44916
50	1	100	0	44916
51	1	100	0	44916
52	2	100	0	44916
53	1	100	-150	44916
54	3	50	0	44916
55	4	50	0	44916
56	4	50	-250	44916
57	3	50	0	44916
58	3	50	0	44916
59	3	50	-50	44916
60	3	50	-75	44916
61	2	100	0	44916
62	2	100	0	44916
63	2	100	0	44916
64	2	100	0	44916
65	1	100	-300	44916
66	1	100	0	44916
67	2	100	0	44916
68	1	100	-200	44916
69	2	100	-1250	44916
70	1	100	-250	44916
71	2	100	0	44916
72	2	100	0	44916
73	2	100	0	44916
74	2	100	0	44916
75	2	100	0	44916
76	2	100	0	44916
77	2	100	-1250	44916
78	2	100	0	44916
79	2	100	0	44916
80	2	100	0	44916
81	2	100	0	44916
82	2	100	-1250	44916
83	1	100	0	44916
84	1	100	-350	44916
85	3	50	0	44916
86	3	50	0	44916
87	3	50	-50	44916
88	3	50	-25	44916
89	3	50	-50	44916
90	3	50	0	44916
91	3	50	0	44916
92	3	50	0	44916
93	3	50	-50	44916
94	4	50	0	44916
95	4	50	0	44916
96	4	50	0	44916
97	4	50	0	44916
98	4	50	0	44916
99	2	100	0	44916
0	5	50	-75	44916
1	4	50	0	44916
2	3	50	0	44916
3	1	100	0	44916
4	2	100	0	44916
5	3	50	-75	44916
6	4	50	0	44916
7	5	50	-50	44916
8	1	100	-350	44916
9	2	100	0	44916
10	3	50	-25	44916
11	4	50	0	44916
12	5	50	0	44916
13	1	100	-250	44916
14	2	100	0	44916
15	3	50	0	44916
16	4	50	-250	44916
17	5	50	-75	44916
18	1	100	0	44916
19	2	100	0	44916
0	1	100	0	44918
1	1	100	0	44918
2	1	100	-300	44918
3	2	100	0	44918
4	2	100	0	44918
5	2	100	0	44918
6	2	100	0	44918
7	2	100	0	44918
8	2	100	0	44918
9	2	100	0	44918
10	2	100	0	44918
11	2	100	-1250	44918
12	3	50	-75	44918
13	1	100	-150	44918
14	4	50	0	44918
15	4	50	0	44918
16	4	50	0	44918
17	4	50	0	44918
18	4	50	0	44918
19	4	50	-250	44918
20	2	100	0	44918
21	2	100	0	44918
22	2	100	0	44918
23	2	100	0	44918
24	2	100	0	44918
25	3	50	-50	44918
26	3	50	0	44918
27	3	50	-75	44918
28	1	100	0	44918
29	1	100	0	44918
30	1	100	0	44918
31	1	100	-250	44918
32	2	100	0	44918
33	2	100	0	44918
34	2	100	0	44918
35	2	100	0	44918
36	2	100	0	44918
37	2	100	-1250	44918
38	1	100	-200	44918
39	3	50	0	44918
40	3	50	-25	44918
41	4	50	0	44918
42	4	50	0	44918
43	4	50	0	44918
44	4	50	0	44918
45	4	50	0	44918
46	4	50	-250	44918
47	2	100	0	44918
48	2	100	0	44918
49	2	100	0	44918
50	2	100	0	44918
51	2	100	0	44918
52	3	50	-25	44918
53	4	50	0	44918
54	4	50	0	44918
55	4	50	0	44918
56	4	50	0	44918
57	4	50	0	44918
58	2	100	0	44918
59	2	100	-1250	44918
60	4	50	0	44918
61	4	50	0	44918
62	4	50	0	44918
63	4	50	-250	44918
64	2	100	0	44918
65	2	100	0	44918
66	2	100	0	44918
67	2	100	0	44918
68	2	100	-1250	44918
69	1	100	-350	44918
70	3	50	0	44918
71	3	50	0	44918
72	3	50	0	44918
73	3	50	-50	44918
74	4	50	0	44918
75	4	50	0	44918
76	4	50	0	44918
77	4	50	0	44918
78	4	50	0	44918
79	4	50	0	44918
80	4	50	0	44918
81	4	50	0	44918
82	4	50	0	44918
83	4	50	-250	44918
84	3	50	-75	44918
85	2	100	0	44918
86	2	100	0	44918
87	2	100	0	44918
88	1	100	0	44918
89	1	100	0	44918
90	1	100	-150	44918
91	2	100	0	44918
92	2	100	0	44918
93	3	50	0	44918
94	3	50	0	44918
95	3	50	-50	44918
96	3	50	-25	44918
97	4	50	0	44918
98	4	50	0	44918
99	4	50	0	44918
0	1	100	-250	44918
1	2	100	0	44918
2	2	100	0	44918
3	2	100	0	44918
4	2	100	0	44918
5	2	100	0	44918
6	2	100	0	44918
7	2	100	0	44918
8	2	100	0	44918
9	2	100	0	44918
10	2	100	0	44918
11	2	100	0	44918
12	2	100	-1250	44918
13	3	50	-50	44918
14	4	50	0	44918
15	4	50	0	44918
16	4	50	0	44918
17	4	50	0	44918
18	4	50	0	44918
19	4	50	0	44918
0	1	100	0	44926
1	3	50	-75	44926
2	1	100	0	44926
3	1	100	-300	44926
4	1	100	-150	44926
5	2	100	0	44926
6	1	100	0	44926
7	3	50	-50	44926
8	3	50	0	44926
9	2	100	0	44926
10	3	50	-75	44926
11	2	100	0	44926
12	1	100	0	44926
13	2	100	0	44926
14	1	100	0	44926
15	2	100	0	44926
16	1	100	-250	44926
17	1	100	-200	44926
18	1	100	-350	44926
19	2	100	0	44926
20	1	100	0	44926
21	2	100	0	44926
22	2	100	0	44926
23	1	100	0	44926
24	2	100	-1250	44926
25	3	50	0	44926
26	2	100	0	44926
27	1	100	-150	44926
28	1	100	-250	44926
29	3	50	-25	44926
30	4	50	0	44926
31	4	50	0	44926
32	2	100	0	44926
33	4	50	0	44926
34	2	100	0	44926
35	3	50	-25	44926
36	4	50	0	44926
37	4	50	0	44926
38	2	100	0	44926
39	1	100	-200	44926
40	4	50	-250	44926
41	2	100	0	44926
42	3	50	0	44926
43	2	100	0	44926
44	4	50	0	44926
45	2	100	0	44926
46	2	100	0	44926
47	3	50	0	44926
48	2	100	0	44926
49	4	50	0	44926
50	3	50	0	44926
51	2	100	0	44926
52	2	100	-1250	44926
53	3	50	-50	44926
54	4	50	0	44926
55	4	50	0	44926
56	2	100	0	44926
57	3	50	-75	44926
58	4	50	0	44926
59	4	50	-250	44926
60	2	100	0	44926
61	1	100	0	44926
62	2	100	0	44926
63	1	100	-350	44926
64	3	50	0	44926
65	2	100	0	44926
66	3	50	0	44926
67	4	50	0	44926
68	2	100	0	44926
69	3	50	-50	44926
70	4	50	0	44926
71	2	100	0	44926
72	1	100	0	44926
73	4	50	0	44926
74	2	100	-1250	44926
75	3	50	-25	44926
76	4	50	0	44926
77	4	50	0	44926
78	2	100	0	44926
79	2	100	0	44926
80	3	50	-50	44926
81	2	100	0	44926
82	1	100	-300	44926
83	4	50	0	44926
84	4	50	0	44926
85	3	50	0	44926
86	4	50	0	44926
87	2	100	0	44926
88	4	50	-250	44926
89	4	50	0	44926
90	3	50	0	44926
91	3	50	0	44926
92	4	50	0	44926
93	3	50	-50	44926
94	3	50	0	44926
95	2	100	-1250	44926
96	4	50	0	44926
97	3	50	-75	44926
98	4	50	0	44926
99	4	50	0	44926
0	5	50	-75	44926
1	3	50	-25	44926
2	4	50	0	44926
3	5	50	-50	44926
4	4	50	0	44926
5	2	100	0	44926
6	4	50	0	44926
7	2	100	0	44926
8	3	50	0	44926
9	2	100	0	44926
10	1	100	0	44926
11	2	100	0	44926
12	5	50	0	44926
13	1	100	0	44926
14	2	100	0	44926
15	4	50	0	44926
16	5	50	-75	44926
17	5	50	0	44926
18	5	50	-25	44926
19	4	50	-250	44926
0	1	100	0	44943
1	4	50	0	44943
2	3	50	-75	44943
3	4	50	0	44943
4	2	100	0	44943
5	1	100	0	44943
6	2	100	0	44943
7	4	50	0	44943
8	3	50	-50	44943
9	2	100	0	44943
10	1	100	-300	44943
11	4	50	0	44943
12	3	50	0	44943
13	3	50	-75	44943
14	4	50	0	44943
15	4	50	-250	44943
16	3	50	0	44943
17	2	100	0	44943
18	2	100	0	44943
19	1	100	-150	44943
20	3	50	-25	44943
21	4	50	0	44943
22	2	100	0	44943
23	4	50	0	44943
24	2	100	0	44943
25	4	50	0	44943
26	3	50	-25	44943
27	1	100	0	44943
28	2	100	0	44943
29	4	50	0	44943
30	1	100	0	44943
31	2	100	-1250	44943
32	4	50	0	44943
33	2	100	0	44943
34	3	50	0	44943
35	4	50	-250	44943
36	3	50	0	44943
37	3	50	0	44943
38	2	100	0	44943
39	4	50	0	44943
40	1	100	0	44943
41	1	100	-250	44943
42	2	100	0	44943
43	3	50	-50	44943
44	4	50	0	44943
45	4	50	0	44943
46	2	100	0	44943
47	1	100	-200	44943
48	1	100	-350	44943
49	2	100	0	44943
50	4	50	0	44943
51	2	100	0	44943
52	3	50	-75	44943
53	4	50	0	44943
54	2	100	0	44943
55	3	50	0	44943
56	4	50	0	44943
57	1	100	0	44943
58	4	50	0	44943
59	2	100	0	44943
60	4	50	0	44943
61	3	50	0	44943
62	2	100	0	44943
63	4	50	-250	44943
64	3	50	-50	44943
65	4	50	0	44943
66	2	100	0	44943
67	1	100	0	44943
68	3	50	-25	44943
69	4	50	0	44943
70	4	50	0	44943
71	2	100	-1250	44943
72	3	50	-50	44943
73	4	50	0	44943
74	1	100	-150	44943
75	4	50	0	44943
76	2	100	0	44943
77	4	50	0	44943
78	2	100	0	44943
79	4	50	0	44943
80	2	100	0	44943
81	4	50	0	44943
82	2	100	0	44943
83	3	50	0	44943
84	1	100	-250	44943
85	3	50	0	44943
86	4	50	0	44943
87	3	50	0	44943
88	4	50	-250	44943
89	3	50	-50	44943
90	2	100	0	44943
91	1	100	-200	44943
92	4	50	0	44943
93	3	50	0	44943
94	4	50	0	44943
95	3	50	-75	44943
96	4	50	0	44943
97	1	100	0	44943
98	2	100	0	44943
99	4	50	0	44943
0	5	50	-75	44943
1	4	50	0	44943
2	2	100	-1250	44943
3	3	50	-25	44943
4	4	50	0	44943
5	1	100	-350	44943
6	2	100	0	44943
7	2	100	0	44943
8	2	100	0	44943
9	2	100	0	44943
10	4	50	0	44943
11	3	50	0	44943
12	3	50	0	44943
13	4	50	0	44943
14	5	50	-50	44943
15	4	50	0	44943
16	3	50	0	44943
17	4	50	0	44943
18	3	50	-75	44943
19	4	50	0	44943
0	2	100	0	44946
1	3	50	-75	44946
2	2	100	0	44946
3	2	100	0	44946
4	2	100	0	44946
5	1	100	0	44946
6	4	50	0	44946
7	1	100	0	44946
8	1	100	-300	44946
9	2	100	0	44946
10	2	100	0	44946
11	2	100	0	44946
12	2	100	0	44946
13	2	100	-1250	44946
14	4	50	0	44946
15	3	50	-50	44946
16	3	50	0	44946
17	3	50	-75	44946
18	3	50	0	44946
19	3	50	-25	44946
20	4	50	0	44946
21	4	50	0	44946
22	2	100	0	44946
23	2	100	0	44946
24	2	100	0	44946
25	2	100	0	44946
26	2	100	0	44946
27	2	100	0	44946
28	2	100	0	44946
29	2	100	0	44946
30	1	100	-150	44946
31	1	100	0	44946
32	1	100	0	44946
33	1	100	0	44946
34	1	100	-250	44946
35	2	100	0	44946
36	2	100	0	44946
37	2	100	-1250	44946
38	2	100	0	44946
39	2	100	0	44946
40	2	100	0	44946
41	2	100	0	44946
42	2	100	0	44946
43	2	100	0	44946
44	2	100	-1250	44946
45	2	100	0	44946
46	2	100	0	44946
47	2	100	0	44946
48	2	100	0	44946
49	2	100	-1250	44946
50	3	50	-25	44946
51	3	50	0	44946
52	3	50	0	44946
53	3	50	0	44946
54	3	50	-50	44946
55	4	50	0	44946
56	4	50	-250	44946
57	4	50	0	44946
58	4	50	0	44946
59	4	50	0	44946
60	4	50	0	44946
61	4	50	0	44946
62	1	100	-200	44946
63	1	100	-350	44946
64	4	50	-250	44946
65	3	50	-75	44946
66	2	100	0	44946
67	1	100	0	44946
68	1	100	0	44946
69	1	100	-150	44946
70	1	100	-250	44946
71	2	100	0	44946
72	2	100	0	44946
73	2	100	0	44946
74	3	50	0	44946
75	4	50	0	44946
76	1	100	-200	44946
77	3	50	0	44946
78	4	50	0	44946
79	3	50	-50	44946
80	4	50	0	44946
81	4	50	0	44946
82	4	50	0	44946
83	4	50	0	44946
84	4	50	0	44946
85	3	50	-25	44946
86	4	50	0	44946
87	2	100	0	44946
88	1	100	0	44946
89	4	50	-250	44946
90	3	50	-50	44946
91	2	100	0	44946
92	1	100	-350	44946
93	1	100	0	44946
94	1	100	-300	44946
95	2	100	0	44946
96	2	100	0	44946
97	2	100	0	44946
98	3	50	0	44946
99	3	50	0	44946
0	5	50	-75	44946
1	5	50	-50	44946
2	4	50	0	44946
3	4	50	0	44946
4	4	50	0	44946
5	4	50	0	44946
6	3	50	0	44946
7	2	100	0	44946
8	1	100	0	44946
9	5	50	0	44946
10	3	50	-50	44946
11	3	50	0	44946
12	3	50	-75	44946
13	3	50	-25	44946
14	3	50	0	44946
15	3	50	0	44946
16	3	50	0	44946
17	3	50	-75	44946
18	3	50	-25	44946
19	3	50	0	44946
0	1	100	0	44952
1	2	100	0	44952
2	3	50	-75	44952
3	4	50	0	44952
4	1	100	0	44952
5	2	100	0	44952
6	4	50	0	44952
7	1	100	-300	44952
8	2	100	0	44952
9	4	50	0	44952
10	1	100	-150	44952
11	4	50	0	44952
12	3	50	-50	44952
13	2	100	0	44952
14	2	100	0	44952
15	2	100	0	44952
16	2	100	0	44952
17	2	100	0	44952
18	4	50	0	44952
19	2	100	-1250	44952
20	4	50	-250	44952
21	1	100	0	44952
22	3	50	0	44952
23	1	100	0	44952
24	3	50	-75	44952
25	1	100	0	44952
26	2	100	0	44952
27	1	100	-250	44952
28	2	100	0	44952
29	4	50	0	44952
30	4	50	0	44952
31	4	50	0	44952
32	4	50	0	44952
33	4	50	0	44952
34	4	50	-250	44952
35	2	100	0	44952
36	2	100	0	44952
37	2	100	0	44952
38	2	100	0	44952
39	2	100	0	44952
40	2	100	0	44952
41	2	100	0	44952
42	2	100	0	44952
43	2	100	-1250	44952
44	1	100	-200	44952
45	2	100	0	44952
46	4	50	0	44952
47	2	100	0	44952
48	4	50	0	44952
49	2	100	0	44952
50	4	50	0	44952
51	2	100	0	44952
52	4	50	0	44952
53	2	100	0	44952
54	4	50	0	44952
55	1	100	-350	44952
56	3	50	0	44952
57	3	50	-25	44952
58	2	100	0	44952
59	4	50	0	44952
60	2	100	-1250	44952
61	4	50	0	44952
62	4	50	0	44952
63	4	50	-250	44952
64	4	50	0	44952
65	4	50	0	44952
66	4	50	0	44952
67	4	50	0	44952
68	4	50	0	44952
69	4	50	0	44952
70	4	50	0	44952
71	4	50	0	44952
72	4	50	0	44952
73	4	50	-250	44952
74	2	100	0	44952
75	2	100	0	44952
76	2	100	0	44952
77	2	100	0	44952
78	2	100	-1250	44952
79	1	100	0	44952
80	1	100	0	44952
81	1	100	-150	44952
82	1	100	-250	44952
83	3	50	-25	44952
84	1	100	-200	44952
85	3	50	0	44952
86	1	100	0	44952
87	2	100	0	44952
88	3	50	0	44952
89	4	50	0	44952
90	1	100	-350	44952
91	2	100	0	44952
92	1	100	0	44952
93	3	50	0	44952
94	4	50	0	44952
95	1	100	-300	44952
96	2	100	0	44952
97	3	50	-50	44952
98	4	50	0	44952
99	1	100	0	44952
0	5	50	-75	44952
1	1	100	0	44952
2	2	100	0	44952
3	3	50	-75	44952
4	4	50	0	44952
5	4	50	0	44952
6	4	50	0	44952
7	4	50	0	44952
8	5	50	-50	44952
9	4	50	0	44952
10	4	50	0	44952
11	4	50	0	44952
12	4	50	0	44952
13	4	50	0	44952
14	4	50	0	44952
15	1	100	0	44952
16	1	100	-150	44952
17	4	50	0	44952
18	4	50	-250	44952
19	3	50	0	44952
0	4	50	0	44963
1	2	100	0	44963
2	3	50	-75	44963
3	4	50	0	44963
4	1	100	0	44963
5	3	50	-50	44963
6	2	100	0	44963
7	4	50	0	44963
8	4	50	0	44963
9	3	50	0	44963
10	1	100	0	44963
11	2	100	0	44963
12	3	50	-75	44963
13	2	100	0	44963
14	2	100	0	44963
15	2	100	0	44963
16	2	100	0	44963
17	2	100	0	44963
18	2	100	-1250	44963
19	3	50	0	44963
20	4	50	0	44963
21	4	50	-250	44963
22	1	100	-300	44963
23	3	50	-25	44963
24	2	100	0	44963
25	2	100	0	44963
26	2	100	0	44963
27	3	50	-25	44963
28	2	100	0	44963
29	2	100	0	44963
30	4	50	0	44963
31	1	100	-150	44963
32	2	100	0	44963
33	3	50	0	44963
34	2	100	0	44963
35	2	100	0	44963
36	2	100	0	44963
37	3	50	0	44963
38	4	50	0	44963
39	2	100	0	44963
40	2	100	-1250	44963
41	3	50	0	44963
42	3	50	-50	44963
43	2	100	0	44963
44	2	100	0	44963
45	2	100	0	44963
46	1	100	0	44963
47	1	100	0	44963
48	2	100	0	44963
49	4	50	0	44963
50	2	100	0	44963
51	2	100	0	44963
52	1	100	0	44963
53	1	100	-250	44963
54	4	50	0	44963
55	2	100	-1250	44963
56	3	50	-75	44963
57	4	50	0	44963
58	4	50	-250	44963
59	2	100	0	44963
60	1	100	-200	44963
61	2	100	0	44963
62	2	100	0	44963
63	2	100	0	44963
64	2	100	-1250	44963
65	3	50	0	44963
66	2	100	0	44963
67	2	100	0	44963
68	4	50	0	44963
69	1	100	-350	44963
70	2	100	0	44963
71	2	100	0	44963
72	2	100	0	44963
73	3	50	0	44963
74	2	100	0	44963
75	2	100	0	44963
76	4	50	0	44963
77	3	50	-50	44963
78	2	100	0	44963
79	2	100	0	44963
80	1	100	0	44963
81	2	100	0	44963
82	1	100	0	44963
83	4	50	0	44963
84	3	50	-25	44963
85	2	100	0	44963
86	1	100	-150	44963
87	2	100	0	44963
88	2	100	0	44963
89	2	100	0	44963
90	4	50	0	44963
91	4	50	0	44963
92	1	100	-250	44963
93	2	100	0	44963
94	2	100	0	44963
95	2	100	-1250	44963
96	3	50	-50	44963
97	4	50	0	44963
98	2	100	0	44963
99	2	100	0	44963
0	5	50	-75	44963
1	2	100	0	44963
2	2	100	0	44963
3	2	100	0	44963
4	4	50	0	44963
5	3	50	0	44963
6	2	100	0	44963
7	2	100	0	44963
8	2	100	0	44963
9	5	50	-50	44963
10	5	50	0	44963
11	1	100	-200	44963
12	2	100	0	44963
13	2	100	0	44963
14	2	100	-1250	44963
15	3	50	0	44963
16	4	50	0	44963
17	5	50	-75	44963
18	2	100	0	44963
19	2	100	0	44963
